"time [s]"	"region"	"quantity [m(2).kg.s(-2)]"	"flux"	"flux_in"	"flux_out"	"mass"	"source"	"source_in"	"source_out"	"flux_increment"	"source_increment"	"flux_cumulative"	"source_cumulative"	"error"
0	"left_fr"	"energy"	0	0	0	4.88462e+07	0	0	0	0	0	0	0	0
0	"right_fr"	"energy"	0	0	0	4.9025e+07	0	0	0	0	0	0	0	0
0	"center_fr"	"energy"	0	0	0	1.15127e+07	0	0	0	0	0	0	0	0
0	"box"	"energy"	0	0	0	2.00405e+17	0	0	0	0	0	0	0	0
0	".left_fr_left_well"	"energy"	305704	305704	0	0	0	0	0	0	0	0	0	0
0	".right_fr_right_well"	"energy"	-633795	0	-633795	0	0	0	0	0	0	0	0	0
0	".side_z0"	"energy"	-9.96201e+06	0	-9.96201e+06	0	0	0	0	0	0	0	0	0
0	".side_z1"	"energy"	-3.40461e-09	0	-3.40461e-09	0	0	0	0	0	0	0	0	0
0	".side_y0"	"energy"	-9.76753e+06	0	-9.76753e+06	0	0	0	0	0	0	0	0	0
0	".side_y1"	"energy"	-9.78679e+06	0	-9.78679e+06	0	0	0	0	0	0	0	0	0
0	".side_x0"	"energy"	-1.01502e+07	0	-1.01502e+07	0	0	0	0	0	0	0	0	0
0	".side_x1"	"energy"	-9.65291e+06	0	-9.65291e+06	0	0	0	0	0	0	0	0	0
0	".left_well"	"energy"	-1.4043e+06	0	-1.4043e+06	0	0	0	0	0	0	0	0	0
0	".right_well"	"energy"	-194977	0	-194977	0	0	0	0	0	0	0	0	0
0	".IMPLICIT_BOUNDARY"	"energy"	-1.43705e-08	0	-1.43705e-08	0	0	0	0	0	0	0	0	0
0	"ALL"	"energy"	-5.12468e+07	305704	-5.15525e+07	2.00405e+17	0	0	0	0	0	0	0	0
3.15576e+07	"left_fr"	"energy"	0	0	0	4.63865e+07	0	0	0	0	0	0	0	0
3.15576e+07	"right_fr"	"energy"	0	0	0	4.90989e+07	0	0	0	0	0	0	0	0
3.15576e+07	"center_fr"	"energy"	0	0	0	1.15042e+07	0	0	0	0	0	0	0	0
3.15576e+07	"box"	"energy"	0	0	0	2.00389e+17	0	0	0	0	0	0	0	0
3.15576e+07	".left_fr_left_well"	"energy"	403556	403556	0	0	0	0	0	0	0	0	0	0
3.15576e+07	".right_fr_right_well"	"energy"	-636948	0	-636948	0	0	0	0	0	0	0	0	0
3.15576e+07	".side_z0"	"energy"	26892	26892	0	0	0	0	0	0	0	0	0	0
3.15576e+07	".side_z1"	"energy"	-3.40558e-09	0	-3.40558e-09	0	0	0	0	0	0	0	0	0
3.15576e+07	".side_y0"	"energy"	-2096.6	30156.6	-32253.2	0	0	0	0	0	0	0	0	0
3.15576e+07	".side_y1"	"energy"	-1218.37	30350.2	-31568.6	0	0	0	0	0	0	0	0	0
3.15576e+07	".side_x0"	"energy"	-174613	0	-174613	0	0	0	0	0	0	0	0	0
3.15576e+07	".side_x1"	"energy"	170944	170944	0	0	0	0	0	0	0	0	0	0
3.15576e+07	".left_well"	"energy"	-97886.5	950.153	-98836.6	0	0	0	0	0	0	0	0	0
3.15576e+07	".right_well"	"energy"	-195076	0	-195076	0	0	0	0	0	0	0	0	0
3.15576e+07	".IMPLICIT_BOUNDARY"	"energy"	-1.43235e-08	0	-1.43235e-08	0	0	0	0	0	0	0	0	0
3.15576e+07	"ALL"	"energy"	-506445	662849	-1.16929e+06	2.00389e+17	0	0	0	-1.59822e+13	0	-1.59822e+13	0	42784
6.31152e+07	"left_fr"	"energy"	0	0	0	4.53706e+07	0	0	0	0	0	0	0	0
6.31152e+07	"right_fr"	"energy"	0	0	0	4.91326e+07	0	0	0	0	0	0	0	0
6.31152e+07	"center_fr"	"energy"	0	0	0	1.14964e+07	0	0	0	0	0	0	0	0
6.31152e+07	"box"	"energy"	0	0	0	2.00375e+17	0	0	0	0	0	0	0	0
6.31152e+07	".left_fr_left_well"	"energy"	405495	405495	0	0	0	0	0	0	0	0	0	0
6.31152e+07	".right_fr_right_well"	"energy"	-637511	0	-637511	0	0	0	0	0	0	0	0	0
6.31152e+07	".side_z0"	"energy"	26891.9	26891.9	0	0	0	0	0	0	0	0	0	0
6.31152e+07	".side_z1"	"energy"	-3.40637e-09	0	-3.40637e-09	0	0	0	0	0	0	0	0	0
6.31152e+07	".side_y0"	"energy"	-2151.07	30129.7	-32280.8	0	0	0	0	0	0	0	0	0
6.31152e+07	".side_y1"	"energy"	-1270.92	30323.2	-31594.2	0	0	0	0	0	0	0	0	0
6.31152e+07	".side_x0"	"energy"	-174666	0	-174666	0	0	0	0	0	0	0	0	0
6.31152e+07	".side_x1"	"energy"	170891	170891	0	0	0	0	0	0	0	0	0	0
6.31152e+07	".left_well"	"energy"	-17147.7	5066.14	-22213.8	0	0	0	0	0	0	0	0	0
6.31152e+07	".right_well"	"energy"	-195130	0	-195130	0	0	0	0	0	0	0	0	0
6.31152e+07	".IMPLICIT_BOUNDARY"	"energy"	-1.42794e-08	0	-1.42794e-08	0	0	0	0	0	0	0	0	0
6.31152e+07	"ALL"	"energy"	-424599	668797	-1.0934e+06	2.00375e+17	0	0	0	-1.33993e+13	0	-2.93815e+13	0	92608
9.46728e+07	"left_fr"	"energy"	0	0	0	4.46884e+07	0	0	0	0	0	0	0	0
9.46728e+07	"right_fr"	"energy"	0	0	0	4.91589e+07	0	0	0	0	0	0	0	0
9.46728e+07	"center_fr"	"energy"	0	0	0	1.14889e+07	0	0	0	0	0	0	0	0
9.46728e+07	"box"	"energy"	0	0	0	2.00363e+17	0	0	0	0	0	0	0	0
9.46728e+07	".left_fr_left_well"	"energy"	406050	406050	0	0	0	0	0	0	0	0	0	0
9.46728e+07	".right_fr_right_well"	"energy"	-637627	0	-637627	0	0	0	0	0	0	0	0	0
9.46728e+07	".side_z0"	"energy"	26891.9	26891.9	0	0	0	0	0	0	0	0	0	0
9.46728e+07	".side_z1"	"energy"	-3.40702e-09	0	-3.40702e-09	0	0	0	0	0	0	0	0	0
9.46728e+07	".side_y0"	"energy"	-2213.81	30099.3	-32313.1	0	0	0	0	0	0	0	0	0
9.46728e+07	".side_y1"	"energy"	-1332.12	30292.3	-31624.5	0	0	0	0	0	0	0	0	0
9.46728e+07	".side_x0"	"energy"	-174727	0	-174727	0	0	0	0	0	0	0	0	0
9.46728e+07	".side_x1"	"energy"	170829	170829	0	0	0	0	0	0	0	0	0	0
9.46728e+07	".left_well"	"energy"	13516.6	15636.6	-2119.99	0	0	0	0	0	0	0	0	0
9.46728e+07	".right_well"	"energy"	-195161	0	-195161	0	0	0	0	0	0	0	0	0
9.46728e+07	".IMPLICIT_BOUNDARY"	"energy"	-1.42402e-08	0	-1.42402e-08	0	0	0	0	0	0	0	0	0
9.46728e+07	"ALL"	"energy"	-393773	679800	-1.07357e+06	2.00363e+17	0	0	0	-1.24265e+13	0	-4.1808e+13	0	134336
1.2623e+08	"left_fr"	"energy"	0	0	0	4.41612e+07	0	0	0	0	0	0	0	0
1.2623e+08	"right_fr"	"energy"	0	0	0	4.91813e+07	0	0	0	0	0	0	0	0
1.2623e+08	"center_fr"	"energy"	0	0	0	1.14809e+07	0	0	0	0	0	0	0	0
1.2623e+08	"box"	"energy"	0	0	0	2.00351e+17	0	0	0	0	0	0	0	0
1.2623e+08	".left_fr_left_well"	"energy"	406297	406297	0	0	0	0	0	0	0	0	0	0
1.2623e+08	".right_fr_right_well"	"energy"	-637650	0	-637650	0	0	0	0	0	0	0	0	0
1.2623e+08	".side_z0"	"energy"	26891.8	26891.8	0	0	0	0	0	0	0	0	0	0
1.2623e+08	".side_z1"	"energy"	-3.40757e-09	0	-3.40757e-09	0	0	0	0	0	0	0	0	0
1.2623e+08	".side_y0"	"energy"	-2280.94	30067.1	-32348.1	0	0	0	0	0	0	0	0	0
1.2623e+08	".side_y1"	"energy"	-1398.04	30263.6	-31661.6	0	0	0	0	0	0	0	0	0
1.2623e+08	".side_x0"	"energy"	-174794	0	-174794	0	0	0	0	0	0	0	0	0
1.2623e+08	".side_x1"	"energy"	170764	170764	0	0	0	0	0	0	0	0	0	0
1.2623e+08	".left_well"	"energy"	29833	30022	-188.926	0	0	0	0	0	0	0	0	0
1.2623e+08	".right_well"	"energy"	-195182	0	-195182	0	0	0	0	0	0	0	0	0
1.2623e+08	".IMPLICIT_BOUNDARY"	"energy"	-1.42062e-08	0	-1.42062e-08	0	0	0	0	0	0	0	0	0
1.2623e+08	"ALL"	"energy"	-377520	694305	-1.07182e+06	2.00351e+17	0	0	0	-1.19136e+13	0	-5.37217e+13	0	174464
1.57788e+08	"left_fr"	"energy"	0	0	0	4.37269e+07	0	0	0	0	0	0	0	0
1.57788e+08	"right_fr"	"energy"	0	0	0	4.92004e+07	0	0	0	0	0	0	0	0
1.57788e+08	"center_fr"	"energy"	0	0	0	1.14722e+07	0	0	0	0	0	0	0	0
1.57788e+08	"box"	"energy"	0	0	0	2.00339e+17	0	0	0	0	0	0	0	0
1.57788e+08	".left_fr_left_well"	"energy"	406440	406440	0	0	0	0	0	0	0	0	0	0
1.57788e+08	".right_fr_right_well"	"energy"	-637662	0	-637662	0	0	0	0	0	0	0	0	0
1.57788e+08	".side_z0"	"energy"	26891.7	26891.7	0	0	0	0	0	0	0	0	0	0
1.57788e+08	".side_z1"	"energy"	-3.40805e-09	0	-3.40805e-09	0	0	0	0	0	0	0	0	0
1.57788e+08	".side_y0"	"energy"	-2349.7	30034.6	-32384.3	0	0	0	0	0	0	0	0	0
1.57788e+08	".side_y1"	"energy"	-1465.81	30234.1	-31699.9	0	0	0	0	0	0	0	0	0
1.57788e+08	".side_x0"	"energy"	-174862	0	-174862	0	0	0	0	0	0	0	0	0
1.57788e+08	".side_x1"	"energy"	170696	170696	0	0	0	0	0	0	0	0	0	0
1.57788e+08	".left_well"	"energy"	40223	40268.2	-45.2094	0	0	0	0	0	0	0	0	0
1.57788e+08	".right_well"	"energy"	-195199	0	-195199	0	0	0	0	0	0	0	0	0
1.57788e+08	".IMPLICIT_BOUNDARY"	"energy"	-1.41762e-08	0	-1.41762e-08	0	0	0	0	0	0	0	0	0
1.57788e+08	"ALL"	"energy"	-367288	704564	-1.07185e+06	2.00339e+17	0	0	0	-1.15907e+13	0	-6.53124e+13	0	226848
1.89346e+08	"left_fr"	"energy"	0	0	0	4.33563e+07	0	0	0	0	0	0	0	0
1.89346e+08	"right_fr"	"energy"	0	0	0	4.92168e+07	0	0	0	0	0	0	0	0
1.89346e+08	"center_fr"	"energy"	0	0	0	1.14624e+07	0	0	0	0	0	0	0	0
1.89346e+08	"box"	"energy"	0	0	0	2.00328e+17	0	0	0	0	0	0	0	0
1.89346e+08	".left_fr_left_well"	"energy"	406535	406535	0	0	0	0	0	0	0	0	0	0
1.89346e+08	".right_fr_right_well"	"energy"	-637679	0	-637679	0	0	0	0	0	0	0	0	0
1.89346e+08	".side_z0"	"energy"	26891.7	26891.7	0	0	0	0	0	0	0	0	0	0
1.89346e+08	".side_z1"	"energy"	-3.40846e-09	0	-3.40846e-09	0	0	0	0	0	0	0	0	0
1.89346e+08	".side_y0"	"energy"	-2418.23	30006.4	-32424.6	0	0	0	0	0	0	0	0	0
1.89346e+08	".side_y1"	"energy"	-1533.47	30204.7	-31738.2	0	0	0	0	0	0	0	0	0
1.89346e+08	".side_x0"	"energy"	-174930	0	-174930	0	0	0	0	0	0	0	0	0
1.89346e+08	".side_x1"	"energy"	170629	170629	0	0	0	0	0	0	0	0	0	0
1.89346e+08	".left_well"	"energy"	47549.7	47550.3	-0.579776	0	0	0	0	0	0	0	0	0
1.89346e+08	".right_well"	"energy"	-195215	0	-195215	0	0	0	0	0	0	0	0	0
1.89346e+08	".IMPLICIT_BOUNDARY"	"energy"	-1.41489e-08	0	-1.41489e-08	0	0	0	0	0	0	0	0	0
1.89346e+08	"ALL"	"energy"	-360170	711817	-1.07199e+06	2.00328e+17	0	0	0	-1.13661e+13	0	-7.66785e+13	0	267840
2.20903e+08	"left_fr"	"energy"	0	0	0	4.30325e+07	0	0	0	0	0	0	0	0
2.20903e+08	"right_fr"	"energy"	0	0	0	4.92308e+07	0	0	0	0	0	0	0	0
2.20903e+08	"center_fr"	"energy"	0	0	0	1.14513e+07	0	0	0	0	0	0	0	0
2.20903e+08	"box"	"energy"	0	0	0	2.00317e+17	0	0	0	0	0	0	0	0
2.20903e+08	".left_fr_left_well"	"energy"	406604	406604	0	0	0	0	0	0	0	0	0	0
2.20903e+08	".right_fr_right_well"	"energy"	-637704	0	-637704	0	0	0	0	0	0	0	0	0
2.20903e+08	".side_z0"	"energy"	26891.6	26891.6	0	0	0	0	0	0	0	0	0	0
2.20903e+08	".side_z1"	"energy"	-3.40883e-09	0	-3.40883e-09	0	0	0	0	0	0	0	0	0
2.20903e+08	".side_y0"	"energy"	-2485.35	29978.8	-32464.2	0	0	0	0	0	0	0	0	0
2.20903e+08	".side_y1"	"energy"	-1599.79	30176.1	-31775.9	0	0	0	0	0	0	0	0	0
2.20903e+08	".side_x0"	"energy"	-174997	0	-174997	0	0	0	0	0	0	0	0	0
2.20903e+08	".side_x1"	"energy"	170563	170563	0	0	0	0	0	0	0	0	0	0
2.20903e+08	".left_well"	"energy"	53061.6	53061.6	0	0	0	0	0	0	0	0	0	0
2.20903e+08	".right_well"	"energy"	-195230	0	-195230	0	0	0	0	0	0	0	0	0
2.20903e+08	".IMPLICIT_BOUNDARY"	"energy"	-1.41234e-08	0	-1.41234e-08	0	0	0	0	0	0	0	0	0
2.20903e+08	"ALL"	"energy"	-354896	717275	-1.07217e+06	2.00317e+17	0	0	0	-1.11997e+13	0	-8.78782e+13	0	316672
2.52461e+08	"left_fr"	"energy"	0	0	0	4.27452e+07	0	0	0	0	0	0	0	0
2.52461e+08	"right_fr"	"energy"	0	0	0	4.92425e+07	0	0	0	0	0	0	0	0
2.52461e+08	"center_fr"	"energy"	0	0	0	1.1439e+07	0	0	0	0	0	0	0	0
2.52461e+08	"box"	"energy"	0	0	0	2.00306e+17	0	0	0	0	0	0	0	0
2.52461e+08	".left_fr_left_well"	"energy"	406657	406657	0	0	0	0	0	0	0	0	0	0
2.52461e+08	".right_fr_right_well"	"energy"	-637735	0	-637735	0	0	0	0	0	0	0	0	0
2.52461e+08	".side_z0"	"energy"	26891.5	26891.5	0	0	0	0	0	0	0	0	0	0
2.52461e+08	".side_z1"	"energy"	-3.40916e-09	0	-3.40916e-09	0	0	0	0	0	0	0	0	0
2.52461e+08	".side_y0"	"energy"	-2550.36	29952.1	-32502.5	0	0	0	0	0	0	0	0	0
2.52461e+08	".side_y1"	"energy"	-1664.03	30148.6	-31812.6	0	0	0	0	0	0	0	0	0
2.52461e+08	".side_x0"	"energy"	-175061	0	-175061	0	0	0	0	0	0	0	0	0
2.52461e+08	".side_x1"	"energy"	170499	170499	0	0	0	0	0	0	0	0	0	0
2.52461e+08	".left_well"	"energy"	57397.9	57397.9	0	0	0	0	0	0	0	0	0	0
2.52461e+08	".right_well"	"energy"	-195246	0	-195246	0	0	0	0	0	0	0	0	0
2.52461e+08	".IMPLICIT_BOUNDARY"	"energy"	-1.40992e-08	0	-1.40992e-08	0	0	0	0	0	0	0	0	0
2.52461e+08	"ALL"	"energy"	-350811	721546	-1.07236e+06	2.00306e+17	0	0	0	-1.10708e+13	0	-9.89489e+13	0	346976
2.84018e+08	"left_fr"	"energy"	0	0	0	4.24872e+07	0	0	0	0	0	0	0	0
2.84018e+08	"right_fr"	"energy"	0	0	0	4.92521e+07	0	0	0	0	0	0	0	0
2.84018e+08	"center_fr"	"energy"	0	0	0	1.14254e+07	0	0	0	0	0	0	0	0
2.84018e+08	"box"	"energy"	0	0	0	2.00295e+17	0	0	0	0	0	0	0	0
2.84018e+08	".left_fr_left_well"	"energy"	406699	406699	0	0	0	0	0	0	0	0	0	0
2.84018e+08	".right_fr_right_well"	"energy"	-637770	0	-637770	0	0	0	0	0	0	0	0	0
2.84018e+08	".side_z0"	"energy"	26891.4	26891.4	0	0	0	0	0	0	0	0	0	0
2.84018e+08	".side_z1"	"energy"	-3.40946e-09	0	-3.40946e-09	0	0	0	0	0	0	0	0	0
2.84018e+08	".side_y0"	"energy"	-2612.88	29926.3	-32539.2	0	0	0	0	0	0	0	0	0
2.84018e+08	".side_y1"	"energy"	-1725.8	30122.3	-31848.1	0	0	0	0	0	0	0	0	0
2.84018e+08	".side_x0"	"energy"	-175123	0	-175123	0	0	0	0	0	0	0	0	0
2.84018e+08	".side_x1"	"energy"	170437	170437	0	0	0	0	0	0	0	0	0	0
2.84018e+08	".left_well"	"energy"	60922.8	60922.8	0	0	0	0	0	0	0	0	0	0
2.84018e+08	".right_well"	"energy"	-195261	0	-195261	0	0	0	0	0	0	0	0	0
2.84018e+08	".IMPLICIT_BOUNDARY"	"energy"	-1.4076e-08	0	-1.4076e-08	0	0	0	0	0	0	0	0	0
2.84018e+08	"ALL"	"energy"	-347543	724999	-1.07254e+06	2.00295e+17	0	0	0	-1.09676e+13	0	-1.09917e+14	0	401120
3.15576e+08	"left_fr"	"energy"	0	0	0	4.22533e+07	0	0	0	0	0	0	0	0
3.15576e+08	"right_fr"	"energy"	0	0	0	4.92597e+07	0	0	0	0	0	0	0	0
3.15576e+08	"center_fr"	"energy"	0	0	0	1.14106e+07	0	0	0	0	0	0	0	0
3.15576e+08	"box"	"energy"	0	0	0	2.00284e+17	0	0	0	0	0	0	0	0
3.15576e+08	".left_fr_left_well"	"energy"	406734	406734	0	0	0	0	0	0	0	0	0	0
3.15576e+08	".right_fr_right_well"	"energy"	-637806	0	-637806	0	0	0	0	0	0	0	0	0
3.15576e+08	".side_z0"	"energy"	26891.3	26891.3	0	0	0	0	0	0	0	0	0	0
3.15576e+08	".side_z1"	"energy"	-3.40973e-09	0	-3.40973e-09	0	0	0	0	0	0	0	0	0
3.15576e+08	".side_y0"	"energy"	-2672.74	29901.6	-32574.3	0	0	0	0	0	0	0	0	0
3.15576e+08	".side_y1"	"energy"	-1784.94	30097.3	-31882.2	0	0	0	0	0	0	0	0	0
3.15576e+08	".side_x0"	"energy"	-175183	0	-175183	0	0	0	0	0	0	0	0	0
3.15576e+08	".side_x1"	"energy"	170378	170378	0	0	0	0	0	0	0	0	0	0
3.15576e+08	".left_well"	"energy"	63860.6	63860.6	0	0	0	0	0	0	0	0	0	0
3.15576e+08	".right_well"	"energy"	-195277	0	-195277	0	0	0	0	0	0	0	0	0
3.15576e+08	".IMPLICIT_BOUNDARY"	"energy"	-1.40536e-08	0	-1.40536e-08	0	0	0	0	0	0	0	0	0
3.15576e+08	"ALL"	"energy"	-344860	727862	-1.07272e+06	2.00284e+17	0	0	0	-1.0883e+13	0	-1.20799e+14	0	447744
3.47134e+08	"left_fr"	"energy"	0	0	0	4.20398e+07	0	0	0	0	0	0	0	0
3.47134e+08	"right_fr"	"energy"	0	0	0	4.92654e+07	0	0	0	0	0	0	0	0
3.47134e+08	"center_fr"	"energy"	0	0	0	1.13947e+07	0	0	0	0	0	0	0	0
3.47134e+08	"box"	"energy"	0	0	0	2.00273e+17	0	0	0	0	0	0	0	0
3.47134e+08	".left_fr_left_well"	"energy"	406762	406762	0	0	0	0	0	0	0	0	0	0
3.47134e+08	".right_fr_right_well"	"energy"	-637842	0	-637842	0	0	0	0	0	0	0	0	0
3.47134e+08	".side_z0"	"energy"	26891.2	26891.2	0	0	0	0	0	0	0	0	0	0
3.47134e+08	".side_z1"	"energy"	-3.40999e-09	0	-3.40999e-09	0	0	0	0	0	0	0	0	0
3.47134e+08	".side_y0"	"energy"	-2729.92	29877.9	-32607.8	0	0	0	0	0	0	0	0	0
3.47134e+08	".side_y1"	"energy"	-1841.43	30073.5	-31915	0	0	0	0	0	0	0	0	0
3.47134e+08	".side_x0"	"energy"	-175240	0	-175240	0	0	0	0	0	0	0	0	0
3.47134e+08	".side_x1"	"energy"	170321	170321	0	0	0	0	0	0	0	0	0	0
3.47134e+08	".left_well"	"energy"	66357.4	66357.4	0	0	0	0	0	0	0	0	0	0
3.47134e+08	".right_well"	"energy"	-195292	0	-195292	0	0	0	0	0	0	0	0	0
3.47134e+08	".IMPLICIT_BOUNDARY"	"energy"	-1.40318e-08	0	-1.40318e-08	0	0	0	0	0	0	0	0	0
3.47134e+08	"ALL"	"energy"	-342613	730284	-1.0729e+06	2.00273e+17	0	0	0	-1.0812e+13	0	-1.31612e+14	0	478176
3.78691e+08	"left_fr"	"energy"	0	0	0	4.18437e+07	0	0	0	0	0	0	0	0
3.78691e+08	"right_fr"	"energy"	0	0	0	4.92694e+07	0	0	0	0	0	0	0	0
3.78691e+08	"center_fr"	"energy"	0	0	0	1.13778e+07	0	0	0	0	0	0	0	0
3.78691e+08	"box"	"energy"	0	0	0	2.00262e+17	0	0	0	0	0	0	0	0
3.78691e+08	".left_fr_left_well"	"energy"	406787	406787	0	0	0	0	0	0	0	0	0	0
3.78691e+08	".right_fr_right_well"	"energy"	-637876	0	-637876	0	0	0	0	0	0	0	0	0
3.78691e+08	".side_z0"	"energy"	26891.1	26891.1	0	0	0	0	0	0	0	0	0	0
3.78691e+08	".side_z1"	"energy"	-3.41022e-09	0	-3.41022e-09	0	0	0	0	0	0	0	0	0
3.78691e+08	".side_y0"	"energy"	-2784.48	29855.2	-32639.7	0	0	0	0	0	0	0	0	0
3.78691e+08	".side_y1"	"energy"	-1895.33	30051	-31946.3	0	0	0	0	0	0	0	0	0
3.78691e+08	".side_x0"	"energy"	-175294	0	-175294	0	0	0	0	0	0	0	0	0
3.78691e+08	".side_x1"	"energy"	170267	170267	0	0	0	0	0	0	0	0	0	0
3.78691e+08	".left_well"	"energy"	68513	68513	0	0	0	0	0	0	0	0	0	0
3.78691e+08	".right_well"	"energy"	-195306	0	-195306	0	0	0	0	0	0	0	0	0
3.78691e+08	".IMPLICIT_BOUNDARY"	"energy"	-1.40105e-08	0	-1.40105e-08	0	0	0	0	0	0	0	0	0
3.78691e+08	"ALL"	"energy"	-340698	732365	-1.07306e+06	2.00262e+17	0	0	0	-1.07516e+13	0	-1.42363e+14	0	521600
4.10249e+08	"left_fr"	"energy"	0	0	0	4.16627e+07	0	0	0	0	0	0	0	0
4.10249e+08	"right_fr"	"energy"	0	0	0	4.92716e+07	0	0	0	0	0	0	0	0
4.10249e+08	"center_fr"	"energy"	0	0	0	1.13601e+07	0	0	0	0	0	0	0	0
4.10249e+08	"box"	"energy"	0	0	0	2.00252e+17	0	0	0	0	0	0	0	0
4.10249e+08	".left_fr_left_well"	"energy"	406808	406808	0	0	0	0	0	0	0	0	0	0
4.10249e+08	".right_fr_right_well"	"energy"	-637908	0	-637908	0	0	0	0	0	0	0	0	0
4.10249e+08	".side_z0"	"energy"	26891	26891	0	0	0	0	0	0	0	0	0	0
4.10249e+08	".side_z1"	"energy"	-3.41044e-09	0	-3.41044e-09	0	0	0	0	0	0	0	0	0
4.10249e+08	".side_y0"	"energy"	-2836.53	29833.5	-32670.1	0	0	0	0	0	0	0	0	0
4.10249e+08	".side_y1"	"energy"	-1946.77	30029.6	-31976.4	0	0	0	0	0	0	0	0	0
4.10249e+08	".side_x0"	"energy"	-175346	0	-175346	0	0	0	0	0	0	0	0	0
4.10249e+08	".side_x1"	"energy"	170216	170216	0	0	0	0	0	0	0	0	0	0
4.10249e+08	".left_well"	"energy"	70398.4	70398.4	0	0	0	0	0	0	0	0	0	0
4.10249e+08	".right_well"	"energy"	-195320	0	-195320	0	0	0	0	0	0	0	0	0
4.10249e+08	".IMPLICIT_BOUNDARY"	"energy"	-1.39897e-08	0	-1.39897e-08	0	0	0	0	0	0	0	0	0
4.10249e+08	"ALL"	"energy"	-339044	734177	-1.07322e+06	2.00252e+17	0	0	0	-1.06994e+13	0	-1.53063e+14	0	563392
4.41806e+08	"left_fr"	"energy"	0	0	0	4.14948e+07	0	0	0	0	0	0	0	0
4.41806e+08	"right_fr"	"energy"	0	0	0	4.92721e+07	0	0	0	0	0	0	0	0
4.41806e+08	"center_fr"	"energy"	0	0	0	1.13417e+07	0	0	0	0	0	0	0	0
4.41806e+08	"box"	"energy"	0	0	0	2.00241e+17	0	0	0	0	0	0	0	0
4.41806e+08	".left_fr_left_well"	"energy"	406827	406827	0	0	0	0	0	0	0	0	0	0
4.41806e+08	".right_fr_right_well"	"energy"	-637936	0	-637936	0	0	0	0	0	0	0	0	0
4.41806e+08	".side_z0"	"energy"	26890.9	26890.9	0	0	0	0	0	0	0	0	0	0
4.41806e+08	".side_z1"	"energy"	-3.41065e-09	0	-3.41065e-09	0	0	0	0	0	0	0	0	0
4.41806e+08	".side_y0"	"energy"	-2886.21	29812.7	-32698.9	0	0	0	0	0	0	0	0	0
4.41806e+08	".side_y1"	"energy"	-1995.88	30009.2	-32005.1	0	0	0	0	0	0	0	0	0
4.41806e+08	".side_x0"	"energy"	-175395	0	-175395	0	0	0	0	0	0	0	0	0
4.41806e+08	".side_x1"	"energy"	170166	170166	0	0	0	0	0	0	0	0	0	0
4.41806e+08	".left_well"	"energy"	72065.1	72065.1	0	0	0	0	0	0	0	0	0	0
4.41806e+08	".right_well"	"energy"	-195334	0	-195334	0	0	0	0	0	0	0	0	0
4.41806e+08	".IMPLICIT_BOUNDARY"	"energy"	-1.39694e-08	0	-1.39694e-08	0	0	0	0	0	0	0	0	0
4.41806e+08	"ALL"	"energy"	-337597	735771	-1.07337e+06	2.00241e+17	0	0	0	-1.06537e+13	0	-1.63716e+14	0	610656
4.73364e+08	"left_fr"	"energy"	0	0	0	4.13386e+07	0	0	0	0	0	0	0	0
4.73364e+08	"right_fr"	"energy"	0	0	0	4.9271e+07	0	0	0	0	0	0	0	0
4.73364e+08	"center_fr"	"energy"	0	0	0	1.13227e+07	0	0	0	0	0	0	0	0
4.73364e+08	"box"	"energy"	0	0	0	2.0023e+17	0	0	0	0	0	0	0	0
4.73364e+08	".left_fr_left_well"	"energy"	406844	406844	0	0	0	0	0	0	0	0	0	0
4.73364e+08	".right_fr_right_well"	"energy"	-637960	0	-637960	0	0	0	0	0	0	0	0	0
4.73364e+08	".side_z0"	"energy"	26890.8	26890.8	0	0	0	0	0	0	0	0	0	0
4.73364e+08	".side_z1"	"energy"	-3.41085e-09	0	-3.41085e-09	0	0	0	0	0	0	0	0	0
4.73364e+08	".side_y0"	"energy"	-2933.66	29792.8	-32726.5	0	0	0	0	0	0	0	0	0
4.73364e+08	".side_y1"	"energy"	-2042.83	29989.8	-32032.6	0	0	0	0	0	0	0	0	0
4.73364e+08	".side_x0"	"energy"	-175442	0	-175442	0	0	0	0	0	0	0	0	0
4.73364e+08	".side_x1"	"energy"	170119	170119	0	0	0	0	0	0	0	0	0	0
4.73364e+08	".left_well"	"energy"	73552.3	73552.3	0	0	0	0	0	0	0	0	0	0
4.73364e+08	".right_well"	"energy"	-195346	0	-195346	0	0	0	0	0	0	0	0	0
4.73364e+08	".IMPLICIT_BOUNDARY"	"energy"	-1.39496e-08	0	-1.39496e-08	0	0	0	0	0	0	0	0	0
4.73364e+08	"ALL"	"energy"	-336318	737189	-1.07351e+06	2.0023e+17	0	0	0	-1.06134e+13	0	-1.7433e+14	0	644096
5.04922e+08	"left_fr"	"energy"	0	0	0	4.11927e+07	0	0	0	0	0	0	0	0
5.04922e+08	"right_fr"	"energy"	0	0	0	4.92683e+07	0	0	0	0	0	0	0	0
5.04922e+08	"center_fr"	"energy"	0	0	0	1.13032e+07	0	0	0	0	0	0	0	0
5.04922e+08	"box"	"energy"	0	0	0	2.0022e+17	0	0	0	0	0	0	0	0
5.04922e+08	".left_fr_left_well"	"energy"	406858	406858	0	0	0	0	0	0	0	0	0	0
5.04922e+08	".right_fr_right_well"	"energy"	-637978	0	-637978	0	0	0	0	0	0	0	0	0
5.04922e+08	".side_z0"	"energy"	26890.7	26890.7	0	0	0	0	0	0	0	0	0	0
5.04922e+08	".side_z1"	"energy"	-3.41103e-09	0	-3.41103e-09	0	0	0	0	0	0	0	0	0
5.04922e+08	".side_y0"	"energy"	-2979.04	29773.7	-32752.8	0	0	0	0	0	0	0	0	0
5.04922e+08	".side_y1"	"energy"	-2087.75	29971.3	-32059	0	0	0	0	0	0	0	0	0
5.04922e+08	".side_x0"	"energy"	-175486	0	-175486	0	0	0	0	0	0	0	0	0
5.04922e+08	".side_x1"	"energy"	170074	170074	0	0	0	0	0	0	0	0	0	0
5.04922e+08	".left_well"	"energy"	74889.6	74889.6	0	0	0	0	0	0	0	0	0	0
5.04922e+08	".right_well"	"energy"	-195357	0	-195357	0	0	0	0	0	0	0	0	0
5.04922e+08	".IMPLICIT_BOUNDARY"	"energy"	-1.39301e-08	0	-1.39301e-08	0	0	0	0	0	0	0	0	0
5.04922e+08	"ALL"	"energy"	-335176	738458	-1.07363e+06	2.0022e+17	0	0	0	-1.05773e+13	0	-1.84907e+14	0	688320
5.36479e+08	"left_fr"	"energy"	0	0	0	4.10561e+07	0	0	0	0	0	0	0	0
5.36479e+08	"right_fr"	"energy"	0	0	0	4.92641e+07	0	0	0	0	0	0	0	0
5.36479e+08	"center_fr"	"energy"	0	0	0	1.12834e+07	0	0	0	0	0	0	0	0
5.36479e+08	"box"	"energy"	0	0	0	2.00209e+17	0	0	0	0	0	0	0	0
5.36479e+08	".left_fr_left_well"	"energy"	406872	406872	0	0	0	0	0	0	0	0	0	0
5.36479e+08	".right_fr_right_well"	"energy"	-637992	0	-637992	0	0	0	0	0	0	0	0	0
5.36479e+08	".side_z0"	"energy"	26890.6	26890.6	0	0	0	0	0	0	0	0	0	0
5.36479e+08	".side_z1"	"energy"	-3.41121e-09	0	-3.41121e-09	0	0	0	0	0	0	0	0	0
5.36479e+08	".side_y0"	"energy"	-3022.5	29755.4	-32777.9	0	0	0	0	0	0	0	0	0
5.36479e+08	".side_y1"	"energy"	-2130.81	29953.5	-32084.3	0	0	0	0	0	0	0	0	0
5.36479e+08	".side_x0"	"energy"	-175529	0	-175529	0	0	0	0	0	0	0	0	0
5.36479e+08	".side_x1"	"energy"	170031	170031	0	0	0	0	0	0	0	0	0	0
5.36479e+08	".left_well"	"energy"	76100.5	76100.5	0	0	0	0	0	0	0	0	0	0
5.36479e+08	".right_well"	"energy"	-195368	0	-195368	0	0	0	0	0	0	0	0	0
5.36479e+08	".IMPLICIT_BOUNDARY"	"energy"	-1.39111e-08	0	-1.39111e-08	0	0	0	0	0	0	0	0	0
5.36479e+08	"ALL"	"energy"	-334148	739603	-1.07375e+06	2.00209e+17	0	0	0	-1.05449e+13	0	-1.95452e+14	0	729312
5.68037e+08	"left_fr"	"energy"	0	0	0	4.09278e+07	0	0	0	0	0	0	0	0
5.68037e+08	"right_fr"	"energy"	0	0	0	4.92585e+07	0	0	0	0	0	0	0	0
5.68037e+08	"center_fr"	"energy"	0	0	0	1.12633e+07	0	0	0	0	0	0	0	0
5.68037e+08	"box"	"energy"	0	0	0	2.00199e+17	0	0	0	0	0	0	0	0
5.68037e+08	".left_fr_left_well"	"energy"	406884	406884	0	0	0	0	0	0	0	0	0	0
5.68037e+08	".right_fr_right_well"	"energy"	-638000	0	-638000	0	0	0	0	0	0	0	0	0
5.68037e+08	".side_z0"	"energy"	26890.5	26890.5	0	0	0	0	0	0	0	0	0	0
5.68037e+08	".side_z1"	"energy"	-3.41138e-09	0	-3.41138e-09	0	0	0	0	0	0	0	0	0
5.68037e+08	".side_y0"	"energy"	-3064.17	29737.8	-32801.9	0	0	0	0	0	0	0	0	0
5.68037e+08	".side_y1"	"energy"	-2172.13	29936.6	-32108.7	0	0	0	0	0	0	0	0	0
5.68037e+08	".side_x0"	"energy"	-175569	0	-175569	0	0	0	0	0	0	0	0	0
5.68037e+08	".side_x1"	"energy"	169990	169990	0	0	0	0	0	0	0	0	0	0
5.68037e+08	".left_well"	"energy"	77203.5	77203.5	0	0	0	0	0	0	0	0	0	0
5.68037e+08	".right_well"	"energy"	-195377	0	-195377	0	0	0	0	0	0	0	0	0
5.68037e+08	".IMPLICIT_BOUNDARY"	"energy"	-1.38925e-08	0	-1.38925e-08	0	0	0	0	0	0	0	0	0
5.68037e+08	"ALL"	"energy"	-333215	740642	-1.07386e+06	2.00199e+17	0	0	0	-1.05155e+13	0	-2.05967e+14	0	769568
5.99594e+08	"left_fr"	"energy"	0	0	0	4.0807e+07	0	0	0	0	0	0	0	0
5.99594e+08	"right_fr"	"energy"	0	0	0	4.92515e+07	0	0	0	0	0	0	0	0
5.99594e+08	"center_fr"	"energy"	0	0	0	1.12431e+07	0	0	0	0	0	0	0	0
5.99594e+08	"box"	"energy"	0	0	0	2.00188e+17	0	0	0	0	0	0	0	0
5.99594e+08	".left_fr_left_well"	"energy"	406895	406895	0	0	0	0	0	0	0	0	0	0
5.99594e+08	".right_fr_right_well"	"energy"	-638001	0	-638001	0	0	0	0	0	0	0	0	0
5.99594e+08	".side_z0"	"energy"	26890.4	26890.4	0	0	0	0	0	0	0	0	0	0
5.99594e+08	".side_z1"	"energy"	-3.41154e-09	0	-3.41154e-09	0	0	0	0	0	0	0	0	0
5.99594e+08	".side_y0"	"energy"	-3104.2	29720.8	-32825	0	0	0	0	0	0	0	0	0
5.99594e+08	".side_y1"	"energy"	-2211.86	29920.2	-32132.1	0	0	0	0	0	0	0	0	0
5.99594e+08	".side_x0"	"energy"	-175608	0	-175608	0	0	0	0	0	0	0	0	0
5.99594e+08	".side_x1"	"energy"	169950	169950	0	0	0	0	0	0	0	0	0	0
5.99594e+08	".left_well"	"energy"	78213.6	78213.6	0	0	0	0	0	0	0	0	0	0
5.99594e+08	".right_well"	"energy"	-195385	0	-195385	0	0	0	0	0	0	0	0	0
5.99594e+08	".IMPLICIT_BOUNDARY"	"energy"	-1.38743e-08	0	-1.38743e-08	0	0	0	0	0	0	0	0	0
5.99594e+08	"ALL"	"energy"	-332361	741589	-1.07395e+06	2.00188e+17	0	0	0	-1.04885e+13	0	-2.16456e+14	0	787936
6.31152e+08	"left_fr"	"energy"	0	0	0	4.0693e+07	0	0	0	0	0	0	0	0
6.31152e+08	"right_fr"	"energy"	0	0	0	4.92432e+07	0	0	0	0	0	0	0	0
6.31152e+08	"center_fr"	"energy"	0	0	0	1.12228e+07	0	0	0	0	0	0	0	0
6.31152e+08	"box"	"energy"	0	0	0	2.00178e+17	0	0	0	0	0	0	0	0
6.31152e+08	".left_fr_left_well"	"energy"	406905	406905	0	0	0	0	0	0	0	0	0	0
6.31152e+08	".right_fr_right_well"	"energy"	-637997	0	-637997	0	0	0	0	0	0	0	0	0
6.31152e+08	".side_z0"	"energy"	26890.3	26890.3	0	0	0	0	0	0	0	0	0	0
6.31152e+08	".side_z1"	"energy"	-3.4117e-09	0	-3.4117e-09	0	0	0	0	0	0	0	0	0
6.31152e+08	".side_y0"	"energy"	-3142.71	29704.4	-32847.1	0	0	0	0	0	0	0	0	0
6.31152e+08	".side_y1"	"energy"	-2250.12	29904.5	-32154.7	0	0	0	0	0	0	0	0	0
6.31152e+08	".side_x0"	"energy"	-175644	0	-175644	0	0	0	0	0	0	0	0	0
6.31152e+08	".side_x1"	"energy"	169912	169912	0	0	0	0	0	0	0	0	0	0
6.31152e+08	".left_well"	"energy"	79143	79143	0	0	0	0	0	0	0	0	0	0
6.31152e+08	".right_well"	"energy"	-195391	0	-195391	0	0	0	0	0	0	0	0	0
6.31152e+08	".IMPLICIT_BOUNDARY"	"energy"	-1.38565e-08	0	-1.38565e-08	0	0	0	0	0	0	0	0	0
6.31152e+08	"ALL"	"energy"	-331576	742458	-1.07403e+06	2.00178e+17	0	0	0	-1.04637e+13	0	-2.2692e+14	0	809024
6.6271e+08	"left_fr"	"energy"	0	0	0	4.05852e+07	0	0	0	0	0	0	0	0
6.6271e+08	"right_fr"	"energy"	0	0	0	4.92337e+07	0	0	0	0	0	0	0	0
6.6271e+08	"center_fr"	"energy"	0	0	0	1.12025e+07	0	0	0	0	0	0	0	0
6.6271e+08	"box"	"energy"	0	0	0	2.00167e+17	0	0	0	0	0	0	0	0
6.6271e+08	".left_fr_left_well"	"energy"	406914	406914	0	0	0	0	0	0	0	0	0	0
6.6271e+08	".right_fr_right_well"	"energy"	-637987	0	-637987	0	0	0	0	0	0	0	0	0
6.6271e+08	".side_z0"	"energy"	26890.2	26890.2	0	0	0	0	0	0	0	0	0	0
6.6271e+08	".side_z1"	"energy"	-3.41184e-09	0	-3.41184e-09	0	0	0	0	0	0	0	0	0
6.6271e+08	".side_y0"	"energy"	-3179.8	29688.6	-32868.4	0	0	0	0	0	0	0	0	0
6.6271e+08	".side_y1"	"energy"	-2287.01	29889.4	-32176.4	0	0	0	0	0	0	0	0	0
6.6271e+08	".side_x0"	"energy"	-175679	0	-175679	0	0	0	0	0	0	0	0	0
6.6271e+08	".side_x1"	"energy"	169875	169875	0	0	0	0	0	0	0	0	0	0
6.6271e+08	".left_well"	"energy"	80001.7	80001.7	0	0	0	0	0	0	0	0	0	0
6.6271e+08	".right_well"	"energy"	-195397	0	-195397	0	0	0	0	0	0	0	0	0
6.6271e+08	".IMPLICIT_BOUNDARY"	"energy"	-1.38391e-08	0	-1.38391e-08	0	0	0	0	0	0	0	0	0
6.6271e+08	"ALL"	"energy"	-330849	743258	-1.07411e+06	2.00167e+17	0	0	0	-1.04408e+13	0	-2.3736e+14	0	839680
6.94267e+08	"left_fr"	"energy"	0	0	0	4.04831e+07	0	0	0	0	0	0	0	0
6.94267e+08	"right_fr"	"energy"	0	0	0	4.9223e+07	0	0	0	0	0	0	0	0
6.94267e+08	"center_fr"	"energy"	0	0	0	1.11822e+07	0	0	0	0	0	0	0	0
6.94267e+08	"box"	"energy"	0	0	0	2.00157e+17	0	0	0	0	0	0	0	0
6.94267e+08	".left_fr_left_well"	"energy"	406922	406922	0	0	0	0	0	0	0	0	0	0
6.94267e+08	".right_fr_right_well"	"energy"	-637970	0	-637970	0	0	0	0	0	0	0	0	0
6.94267e+08	".side_z0"	"energy"	26890	26890	0	0	0	0	0	0	0	0	0	0
6.94267e+08	".side_z1"	"energy"	-3.41199e-09	0	-3.41199e-09	0	0	0	0	0	0	0	0	0
6.94267e+08	".side_y0"	"energy"	-3215.59	29674.1	-32889.7	0	0	0	0	0	0	0	0	0
6.94267e+08	".side_y1"	"energy"	-2322.64	29874.8	-32197.4	0	0	0	0	0	0	0	0	0
6.94267e+08	".side_x0"	"energy"	-175712	0	-175712	0	0	0	0	0	0	0	0	0
6.94267e+08	".side_x1"	"energy"	169839	169839	0	0	0	0	0	0	0	0	0	0
6.94267e+08	".left_well"	"energy"	80798.2	80798.2	0	0	0	0	0	0	0	0	0	0
6.94267e+08	".right_well"	"energy"	-195400	0	-195400	0	0	0	0	0	0	0	0	0
6.94267e+08	".IMPLICIT_BOUNDARY"	"energy"	-1.3822e-08	0	-1.3822e-08	0	0	0	0	0	0	0	0	0
6.94267e+08	"ALL"	"energy"	-330170	743999	-1.07417e+06	2.00157e+17	0	0	0	-1.04194e+13	0	-2.4778e+14	0	871040
7.25825e+08	"left_fr"	"energy"	0	0	0	4.03862e+07	0	0	0	0	0	0	0	0
7.25825e+08	"right_fr"	"energy"	0	0	0	4.92111e+07	0	0	0	0	0	0	0	0
7.25825e+08	"center_fr"	"energy"	0	0	0	1.1162e+07	0	0	0	0	0	0	0	0
7.25825e+08	"box"	"energy"	0	0	0	2.00147e+17	0	0	0	0	0	0	0	0
7.25825e+08	".left_fr_left_well"	"energy"	406930	406930	0	0	0	0	0	0	0	0	0	0
7.25825e+08	".right_fr_right_well"	"energy"	-637947	0	-637947	0	0	0	0	0	0	0	0	0
7.25825e+08	".side_z0"	"energy"	26889.9	26889.9	0	0	0	0	0	0	0	0	0	0
7.25825e+08	".side_z1"	"energy"	-3.41213e-09	0	-3.41213e-09	0	0	0	0	0	0	0	0	0
7.25825e+08	".side_y0"	"energy"	-3250.18	29660.7	-32910.9	0	0	0	0	0	0	0	0	0
7.25825e+08	".side_y1"	"energy"	-2357.11	29861.8	-32218.9	0	0	0	0	0	0	0	0	0
7.25825e+08	".side_x0"	"energy"	-175742	0	-175742	0	0	0	0	0	0	0	0	0
7.25825e+08	".side_x1"	"energy"	169805	169805	0	0	0	0	0	0	0	0	0	0
7.25825e+08	".left_well"	"energy"	81539.6	81539.6	0	0	0	0	0	0	0	0	0	0
7.25825e+08	".right_well"	"energy"	-195403	0	-195403	0	0	0	0	0	0	0	0	0
7.25825e+08	".IMPLICIT_BOUNDARY"	"energy"	-1.38054e-08	0	-1.38054e-08	0	0	0	0	0	0	0	0	0
7.25825e+08	"ALL"	"energy"	-329535	744687	-1.07422e+06	2.00147e+17	0	0	0	-1.03993e+13	0	-2.58179e+14	0	924128
7.57382e+08	"left_fr"	"energy"	0	0	0	4.02941e+07	0	0	0	0	0	0	0	0
7.57382e+08	"right_fr"	"energy"	0	0	0	4.91983e+07	0	0	0	0	0	0	0	0
7.57382e+08	"center_fr"	"energy"	0	0	0	1.1142e+07	0	0	0	0	0	0	0	0
7.57382e+08	"box"	"energy"	0	0	0	2.00136e+17	0	0	0	0	0	0	0	0
7.57382e+08	".left_fr_left_well"	"energy"	406938	406938	0	0	0	0	0	0	0	0	0	0
7.57382e+08	".right_fr_right_well"	"energy"	-637917	0	-637917	0	0	0	0	0	0	0	0	0
7.57382e+08	".side_z0"	"energy"	26889.8	26889.8	0	0	0	0	0	0	0	0	0	0
7.57382e+08	".side_z1"	"energy"	-3.41226e-09	0	-3.41226e-09	0	0	0	0	0	0	0	0	0
7.57382e+08	".side_y0"	"energy"	-3283.64	29647.7	-32931.3	0	0	0	0	0	0	0	0	0
7.57382e+08	".side_y1"	"energy"	-2390.49	29849.3	-32239.8	0	0	0	0	0	0	0	0	0
7.57382e+08	".side_x0"	"energy"	-175771	0	-175771	0	0	0	0	0	0	0	0	0
7.57382e+08	".side_x1"	"energy"	169772	169772	-0.102445	0	0	0	0	0	0	0	0	0
7.57382e+08	".left_well"	"energy"	82231.8	82231.8	0	0	0	0	0	0	0	0	0	0
7.57382e+08	".right_well"	"energy"	-195404	0	-195404	0	0	0	0	0	0	0	0	0
7.57382e+08	".IMPLICIT_BOUNDARY"	"energy"	-1.3789e-08	0	-1.3789e-08	0	0	0	0	0	0	0	0	0
7.57382e+08	"ALL"	"energy"	-328935	745328	-1.07426e+06	2.00136e+17	0	0	0	-1.03804e+13	0	-2.6856e+14	0	954912
7.8894e+08	"left_fr"	"energy"	0	0	0	4.02065e+07	0	0	0	0	0	0	0	0
7.8894e+08	"right_fr"	"energy"	0	0	0	4.91844e+07	0	0	0	0	0	0	0	0
7.8894e+08	"center_fr"	"energy"	0	0	0	1.11222e+07	0	0	0	0	0	0	0	0
7.8894e+08	"box"	"energy"	0	0	0	2.00126e+17	0	0	0	0	0	0	0	0
7.8894e+08	".left_fr_left_well"	"energy"	406944	406944	0	0	0	0	0	0	0	0	0	0
7.8894e+08	".right_fr_right_well"	"energy"	-637881	0	-637881	0	0	0	0	0	0	0	0	0
7.8894e+08	".side_z0"	"energy"	26889.7	26889.7	0	0	0	0	0	0	0	0	0	0
7.8894e+08	".side_z1"	"energy"	-3.41239e-09	0	-3.41239e-09	0	0	0	0	0	0	0	0	0
7.8894e+08	".side_y0"	"energy"	-3316.06	29634.9	-32951	0	0	0	0	0	0	0	0	0
7.8894e+08	".side_y1"	"energy"	-2422.86	29837.2	-32260.1	0	0	0	0	0	0	0	0	0
7.8894e+08	".side_x0"	"energy"	-175798	0	-175798	0	0	0	0	0	0	0	0	0
7.8894e+08	".side_x1"	"energy"	169740	169741	-1.25568	0	0	0	0	0	0	0	0	0
7.8894e+08	".left_well"	"energy"	82880	82880	0	0	0	0	0	0	0	0	0	0
7.8894e+08	".right_well"	"energy"	-195404	0	-195404	0	0	0	0	0	0	0	0	0
7.8894e+08	".IMPLICIT_BOUNDARY"	"energy"	-1.37731e-08	0	-1.37731e-08	0	0	0	0	0	0	0	0	0
7.8894e+08	"ALL"	"energy"	-328367	745927	-1.07429e+06	2.00126e+17	0	0	0	-1.03625e+13	0	-2.78922e+14	0	989408
8.20498e+08	"left_fr"	"energy"	0	0	0	4.01229e+07	0	0	0	0	0	0	0	0
8.20498e+08	"right_fr"	"energy"	0	0	0	4.91696e+07	0	0	0	0	0	0	0	0
8.20498e+08	"center_fr"	"energy"	0	0	0	1.11025e+07	0	0	0	0	0	0	0	0
8.20498e+08	"box"	"energy"	0	0	0	2.00115e+17	0	0	0	0	0	0	0	0
8.20498e+08	".left_fr_left_well"	"energy"	406951	406951	0	0	0	0	0	0	0	0	0	0
8.20498e+08	".right_fr_right_well"	"energy"	-637838	0	-637838	0	0	0	0	0	0	0	0	0
8.20498e+08	".side_z0"	"energy"	26889.6	26889.6	0	0	0	0	0	0	0	0	0	0
8.20498e+08	".side_z1"	"energy"	-3.41252e-09	0	-3.41252e-09	0	0	0	0	0	0	0	0	0
8.20498e+08	".side_y0"	"energy"	-3347.52	29622.6	-32970.1	0	0	0	0	0	0	0	0	0
8.20498e+08	".side_y1"	"energy"	-2454.3	29825.4	-32279.7	0	0	0	0	0	0	0	0	0
8.20498e+08	".side_x0"	"energy"	-175823	0	-175823	0	0	0	0	0	0	0	0	0
8.20498e+08	".side_x1"	"energy"	169709	169711	-2.3394	0	0	0	0	0	0	0	0	0
8.20498e+08	".left_well"	"energy"	83488.6	83488.6	0	0	0	0	0	0	0	0	0	0
8.20498e+08	".right_well"	"energy"	-195402	0	-195402	0	0	0	0	0	0	0	0	0
8.20498e+08	".IMPLICIT_BOUNDARY"	"energy"	-1.37574e-08	0	-1.37574e-08	0	0	0	0	0	0	0	0	0
8.20498e+08	"ALL"	"energy"	-327827	746488	-1.07432e+06	2.00115e+17	0	0	0	-1.03454e+13	0	-2.89267e+14	0	1.03722e+06
8.52055e+08	"left_fr"	"energy"	0	0	0	4.00431e+07	0	0	0	0	0	0	0	0
8.52055e+08	"right_fr"	"energy"	0	0	0	4.9154e+07	0	0	0	0	0	0	0	0
8.52055e+08	"center_fr"	"energy"	0	0	0	1.10831e+07	0	0	0	0	0	0	0	0
8.52055e+08	"box"	"energy"	0	0	0	2.00105e+17	0	0	0	0	0	0	0	0
8.52055e+08	".left_fr_left_well"	"energy"	406957	406957	0	0	0	0	0	0	0	0	0	0
8.52055e+08	".right_fr_right_well"	"energy"	-637789	0	-637789	0	0	0	0	0	0	0	0	0
8.52055e+08	".side_z0"	"energy"	26889.5	26889.5	0	0	0	0	0	0	0	0	0	0
8.52055e+08	".side_z1"	"energy"	-3.41264e-09	0	-3.41264e-09	0	0	0	0	0	0	0	0	0
8.52055e+08	".side_y0"	"energy"	-3378.07	29610.5	-32988.5	0	0	0	0	0	0	0	0	0
8.52055e+08	".side_y1"	"energy"	-2484.86	29813.8	-32298.7	0	0	0	0	0	0	0	0	0
8.52055e+08	".side_x0"	"energy"	-175846	0	-175846	0	0	0	0	0	0	0	0	0
8.52055e+08	".side_x1"	"energy"	169679	169683	-4.42274	0	0	0	0	0	0	0	0	0
8.52055e+08	".left_well"	"energy"	84061.5	84061.5	0	0	0	0	0	0	0	0	0	0
8.52055e+08	".right_well"	"energy"	-195398	0	-195398	0	0	0	0	0	0	0	0	0
8.52055e+08	".IMPLICIT_BOUNDARY"	"energy"	-1.37422e-08	0	-1.37422e-08	0	0	0	0	0	0	0	0	0
8.52055e+08	"ALL"	"energy"	-327310	747015	-1.07432e+06	2.00105e+17	0	0	0	-1.03291e+13	0	-2.99597e+14	0	1.07872e+06
8.83613e+08	"left_fr"	"energy"	0	0	0	3.99668e+07	0	0	0	0	0	0	0	0
8.83613e+08	"right_fr"	"energy"	0	0	0	4.91375e+07	0	0	0	0	0	0	0	0
8.83613e+08	"center_fr"	"energy"	0	0	0	1.1064e+07	0	0	0	0	0	0	0	0
8.83613e+08	"box"	"energy"	0	0	0	2.00095e+17	0	0	0	0	0	0	0	0
8.83613e+08	".left_fr_left_well"	"energy"	406963	406963	0	0	0	0	0	0	0	0	0	0
8.83613e+08	".right_fr_right_well"	"energy"	-637733	0	-637733	0	0	0	0	0	0	0	0	0
8.83613e+08	".side_z0"	"energy"	26889.4	26889.4	0	0	0	0	0	0	0	0	0	0
8.83613e+08	".side_z1"	"energy"	-3.41276e-09	0	-3.41276e-09	0	0	0	0	0	0	0	0	0
8.83613e+08	".side_y0"	"energy"	-3407.79	29598.6	-33006.4	0	0	0	0	0	0	0	0	0
8.83613e+08	".side_y1"	"energy"	-2514.61	29802.6	-32317.2	0	0	0	0	0	0	0	0	0
8.83613e+08	".side_x0"	"energy"	-175867	0	-175867	0	0	0	0	0	0	0	0	0
8.83613e+08	".side_x1"	"energy"	169650	169656	-6.4193	0	0	0	0	0	0	0	0	0
8.83613e+08	".left_well"	"energy"	84601.9	84601.9	0	0	0	0	0	0	0	0	0	0
8.83613e+08	".right_well"	"energy"	-195393	0	-195393	0	0	0	0	0	0	0	0	0
8.83613e+08	".IMPLICIT_BOUNDARY"	"energy"	-1.37272e-08	0	-1.37272e-08	0	0	0	0	0	0	0	0	0
8.83613e+08	"ALL"	"energy"	-326813	747511	-1.07432e+06	2.00095e+17	0	0	0	-1.03134e+13	0	-3.0991e+14	0	1.12656e+06
9.1517e+08	"left_fr"	"energy"	0	0	0	3.98938e+07	0	0	0	0	0	0	0	0
9.1517e+08	"right_fr"	"energy"	0	0	0	4.91203e+07	0	0	0	0	0	0	0	0
9.1517e+08	"center_fr"	"energy"	0	0	0	1.10451e+07	0	0	0	0	0	0	0	0
9.1517e+08	"box"	"energy"	0	0	0	2.00085e+17	0	0	0	0	0	0	0	0
9.1517e+08	".left_fr_left_well"	"energy"	406968	406968	0	0	0	0	0	0	0	0	0	0
9.1517e+08	".right_fr_right_well"	"energy"	-637671	0	-637671	0	0	0	0	0	0	0	0	0
9.1517e+08	".side_z0"	"energy"	26889.4	26889.4	0	0	0	0	0	0	0	0	0	0
9.1517e+08	".side_z1"	"energy"	-3.41287e-09	0	-3.41287e-09	0	0	0	0	0	0	0	0	0
9.1517e+08	".side_y0"	"energy"	-3436.71	29587.1	-33023.8	0	0	0	0	0	0	0	0	0
9.1517e+08	".side_y1"	"energy"	-2543.6	29791.6	-32335.2	0	0	0	0	0	0	0	0	0
9.1517e+08	".side_x0"	"energy"	-175886	0	-175886	0	0	0	0	0	0	0	0	0
9.1517e+08	".side_x1"	"energy"	169621	169630	-8.30316	0	0	0	0	0	0	0	0	0
9.1517e+08	".left_well"	"energy"	85112.7	85112.7	0	0	0	0	0	0	0	0	0	0
9.1517e+08	".right_well"	"energy"	-195387	0	-195387	0	0	0	0	0	0	0	0	0
9.1517e+08	".IMPLICIT_BOUNDARY"	"energy"	-1.37125e-08	0	-1.37125e-08	0	0	0	0	0	0	0	0	0
9.1517e+08	"ALL"	"energy"	-326333	747978	-1.07431e+06	2.00085e+17	0	0	0	-1.02983e+13	0	-3.20208e+14	0	1.15709e+06
9.46728e+08	"left_fr"	"energy"	0	0	0	3.98239e+07	0	0	0	0	0	0	0	0
9.46728e+08	"right_fr"	"energy"	0	0	0	4.91025e+07	0	0	0	0	0	0	0	0
9.46728e+08	"center_fr"	"energy"	0	0	0	1.10265e+07	0	0	0	0	0	0	0	0
9.46728e+08	"box"	"energy"	0	0	0	2.00074e+17	0	0	0	0	0	0	0	0
9.46728e+08	".left_fr_left_well"	"energy"	406973	406973	0	0	0	0	0	0	0	0	0	0
9.46728e+08	".right_fr_right_well"	"energy"	-637603	0	-637603	0	0	0	0	0	0	0	0	0
9.46728e+08	".side_z0"	"energy"	26889.3	26889.3	0	0	0	0	0	0	0	0	0	0
9.46728e+08	".side_z1"	"energy"	-3.41298e-09	0	-3.41298e-09	0	0	0	0	0	0	0	0	0
9.46728e+08	".side_y0"	"energy"	-3464.9	29575.8	-33040.7	0	0	0	0	0	0	0	0	0
9.46728e+08	".side_y1"	"energy"	-2571.87	29780.8	-32352.7	0	0	0	0	0	0	0	0	0
9.46728e+08	".side_x0"	"energy"	-175902	0	-175902	0	0	0	0	0	0	0	0	0
9.46728e+08	".side_x1"	"energy"	169594	169604	-10.084	0	0	0	0	0	0	0	0	0
9.46728e+08	".left_well"	"energy"	85596.6	85596.6	0	0	0	0	0	0	0	0	0	0
9.46728e+08	".right_well"	"energy"	-195379	0	-195379	0	0	0	0	0	0	0	0	0
9.46728e+08	".IMPLICIT_BOUNDARY"	"energy"	-1.36982e-08	0	-1.36982e-08	0	0	0	0	0	0	0	0	0
9.46728e+08	"ALL"	"energy"	-325868	748419	-1.07429e+06	2.00074e+17	0	0	0	-1.02836e+13	0	-3.30492e+14	0	1.19494e+06
