"time [s]"	"region"	"quantity [m(2).kg.s(-2)]"	"flux"	"flux_in"	"flux_out"	"mass"	"source"	"source_in"	"source_out"	"flux_increment"	"source_increment"	"flux_cumulative"	"source_cumulative"	"error"
0	"left_fr"	"energy"	0	0	0	2.70772e+11	0	0	0	0	0	0	0	0
0	"right_fr"	"energy"	0	0	0	2.70247e+11	0	0	0	0	0	0	0	0
0	"center_fr"	"energy"	0	0	0	4.09426e+10	0	0	0	0	0	0	0	0
0	"box"	"energy"	0	0	0	2.00405e+17	0	0	0	0	0	0	0	0
0	".left_fr_left_well"	"energy"	866803	866803	0	0	0	0	0	0	0	0	0	0
0	".right_fr_right_well"	"energy"	-1.74007e+06	0	-1.74007e+06	0	0	0	0	0	0	0	0	0
0	".side_z0"	"energy"	-7.56089e-11	3.33698e-09	-3.41259e-09	0	0	0	0	0	0	0	0	0
0	".side_z1"	"energy"	-3.27167e-09	0	-3.27167e-09	0	0	0	0	0	0	0	0	0
0	".side_y0"	"energy"	-3.87418e-10	1.30363e-09	-1.69105e-09	0	0	0	0	0	0	0	0	0
0	".side_y1"	"energy"	-6.23511e-11	1.51565e-09	-1.578e-09	0	0	0	0	0	0	0	0	0
0	".side_x0"	"energy"	5.28456e-10	1.94048e-09	-1.41202e-09	0	0	0	0	0	0	0	0	0
0	".side_x1"	"energy"	-9.86802e-11	1.36204e-09	-1.46072e-09	0	0	0	0	0	0	0	0	0
0	".left_well"	"energy"	-1.49387e+06	0	-1.49387e+06	0	0	0	0	0	0	0	0	0
0	".right_well"	"energy"	-13372.6	0	-13372.6	0	0	0	0	0	0	0	0	0
0	".IMPLICIT_BOUNDARY"	"energy"	-7.65683e-08	0	-7.65683e-08	0	0	0	0	0	0	0	0	0
0	"ALL"	"energy"	-2.3805e+06	866803	-3.2473e+06	2.00405e+17	0	0	0	0	0	0	0	0
3.15576e+07	"left_fr"	"energy"	0	0	0	2.42648e+11	0	0	0	0	0	0	0	0
3.15576e+07	"right_fr"	"energy"	0	0	0	2.69203e+11	0	0	0	0	0	0	0	0
3.15576e+07	"center_fr"	"energy"	0	0	0	4.00808e+10	0	0	0	0	0	0	0	0
3.15576e+07	"box"	"energy"	0	0	0	2.00378e+17	0	0	0	0	0	0	0	0
3.15576e+07	".left_fr_left_well"	"energy"	1.14997e+06	1.14997e+06	0	0	0	0	0	0	0	0	0	0
3.15576e+07	".right_fr_right_well"	"energy"	-1.73531e+06	0	-1.73531e+06	0	0	0	0	0	0	0	0	0
3.15576e+07	".side_z0"	"energy"	-7.46774e-11	3.33698e-09	-3.41166e-09	0	0	0	0	0	0	0	0	0
3.15576e+07	".side_z1"	"energy"	-3.27259e-09	0	-3.27259e-09	0	0	0	0	0	0	0	0	0
3.15576e+07	".side_y0"	"energy"	-3.87428e-10	1.30363e-09	-1.69106e-09	0	0	0	0	0	0	0	0	0
3.15576e+07	".side_y1"	"energy"	-6.23505e-11	1.51565e-09	-1.578e-09	0	0	0	0	0	0	0	0	0
3.15576e+07	".side_x0"	"energy"	5.28457e-10	1.94048e-09	-1.41202e-09	0	0	0	0	0	0	0	0	0
3.15576e+07	".side_x1"	"energy"	-9.86817e-11	1.36204e-09	-1.46072e-09	0	0	0	0	0	0	0	0	0
3.15576e+07	".left_well"	"energy"	-234854	46.6349	-234900	0	0	0	0	0	0	0	0	0
3.15576e+07	".right_well"	"energy"	-13368.9	0	-13368.9	0	0	0	0	0	0	0	0	0
3.15576e+07	".IMPLICIT_BOUNDARY"	"energy"	-7.64365e-08	0	-7.64365e-08	0	0	0	0	0	0	0	0	0
3.15576e+07	"ALL"	"energy"	-833569	1.15001e+06	-1.98358e+06	2.00379e+17	0	0	0	-2.63054e+13	0	-2.63054e+13	0	-800
6.31152e+07	"left_fr"	"energy"	0	0	0	2.32404e+11	0	0	0	0	0	0	0	0
6.31152e+07	"right_fr"	"energy"	0	0	0	2.67348e+11	0	0	0	0	0	0	0	0
6.31152e+07	"center_fr"	"energy"	0	0	0	3.90127e+10	0	0	0	0	0	0	0	0
6.31152e+07	"box"	"energy"	0	0	0	2.00355e+17	0	0	0	0	0	0	0	0
6.31152e+07	".left_fr_left_well"	"energy"	1.153e+06	1.153e+06	0	0	0	0	0	0	0	0	0	0
6.31152e+07	".right_fr_right_well"	"energy"	-1.72739e+06	0	-1.72739e+06	0	0	0	0	0	0	0	0	0
6.31152e+07	".side_z0"	"energy"	-7.39125e-11	3.33698e-09	-3.41089e-09	0	0	0	0	0	0	0	0	0
6.31152e+07	".side_z1"	"energy"	-3.27334e-09	0	-3.27334e-09	0	0	0	0	0	0	0	0	0
6.31152e+07	".side_y0"	"energy"	-3.87437e-10	1.30363e-09	-1.69107e-09	0	0	0	0	0	0	0	0	0
6.31152e+07	".side_y1"	"energy"	-6.235e-11	1.51565e-09	-1.578e-09	0	0	0	0	0	0	0	0	0
6.31152e+07	".side_x0"	"energy"	5.28457e-10	1.94048e-09	-1.41202e-09	0	0	0	0	0	0	0	0	0
6.31152e+07	".side_x1"	"energy"	-9.86829e-11	1.36204e-09	-1.46072e-09	0	0	0	0	0	0	0	0	0
6.31152e+07	".left_well"	"energy"	-154942	35.6815	-154978	0	0	0	0	0	0	0	0	0
6.31152e+07	".right_well"	"energy"	-13360.9	0	-13360.9	0	0	0	0	0	0	0	0	0
6.31152e+07	".IMPLICIT_BOUNDARY"	"energy"	-7.62651e-08	0	-7.62651e-08	0	0	0	0	0	0	0	0	0
6.31152e+07	"ALL"	"energy"	-742701	1.15303e+06	-1.89573e+06	2.00356e+17	0	0	0	-2.34379e+13	0	-4.97433e+13	0	-1248
9.46728e+07	"left_fr"	"energy"	0	0	0	2.26681e+11	0	0	0	0	0	0	0	0
9.46728e+07	"right_fr"	"energy"	0	0	0	2.65093e+11	0	0	0	0	0	0	0	0
9.46728e+07	"center_fr"	"energy"	0	0	0	3.80798e+10	0	0	0	0	0	0	0	0
9.46728e+07	"box"	"energy"	0	0	0	2.00333e+17	0	0	0	0	0	0	0	0
9.46728e+07	".left_fr_left_well"	"energy"	1.15375e+06	1.15375e+06	0	0	0	0	0	0	0	0	0	0
9.46728e+07	".right_fr_right_well"	"energy"	-1.71638e+06	0	-1.71638e+06	0	0	0	0	0	0	0	0	0
9.46728e+07	".side_z0"	"energy"	-7.32717e-11	3.33698e-09	-3.41025e-09	0	0	0	0	0	0	0	0	0
9.46728e+07	".side_z1"	"energy"	-3.27398e-09	0	-3.27398e-09	0	0	0	0	0	0	0	0	0
9.46728e+07	".side_y0"	"energy"	-3.87446e-10	1.30363e-09	-1.69108e-09	0	0	0	0	0	0	0	0	0
9.46728e+07	".side_y1"	"energy"	-6.23496e-11	1.51565e-09	-1.578e-09	0	0	0	0	0	0	0	0	0
9.46728e+07	".side_x0"	"energy"	5.28458e-10	1.94048e-09	-1.41202e-09	0	0	0	0	0	0	0	0	0
9.46728e+07	".side_x1"	"energy"	-9.86844e-11	1.36204e-09	-1.46072e-09	0	0	0	0	0	0	0	0	0
9.46728e+07	".left_well"	"energy"	-124175	44.1299	-124219	0	0	0	0	0	0	0	0	0
9.46728e+07	".right_well"	"energy"	-13347.8	0	-13347.8	0	0	0	0	0	0	0	0	0
9.46728e+07	".IMPLICIT_BOUNDARY"	"energy"	-7.60781e-08	0	-7.60781e-08	0	0	0	0	0	0	0	0	0
9.46728e+07	"ALL"	"energy"	-700151	1.15379e+06	-1.85395e+06	2.00333e+17	0	0	0	-2.20951e+13	0	-7.18384e+13	0	608
1.2623e+08	"left_fr"	"energy"	0	0	0	2.22883e+11	0	0	0	0	0	0	0	0
1.2623e+08	"right_fr"	"energy"	0	0	0	2.62764e+11	0	0	0	0	0	0	0	0
1.2623e+08	"center_fr"	"energy"	0	0	0	3.73174e+10	0	0	0	0	0	0	0	0
1.2623e+08	"box"	"energy"	0	0	0	2.00312e+17	0	0	0	0	0	0	0	0
1.2623e+08	".left_fr_left_well"	"energy"	1.15408e+06	1.15408e+06	0	0	0	0	0	0	0	0	0	0
1.2623e+08	".right_fr_right_well"	"energy"	-1.70369e+06	0	-1.70369e+06	0	0	0	0	0	0	0	0	0
1.2623e+08	".side_z0"	"energy"	-7.27243e-11	3.33698e-09	-3.4097e-09	0	0	0	0	0	0	0	0	0
1.2623e+08	".side_z1"	"energy"	-3.27452e-09	0	-3.27452e-09	0	0	0	0	0	0	0	0	0
1.2623e+08	".side_y0"	"energy"	-3.87453e-10	1.30363e-09	-1.69108e-09	0	0	0	0	0	0	0	0	0
1.2623e+08	".side_y1"	"energy"	-6.23491e-11	1.51565e-09	-1.57799e-09	0	0	0	0	0	0	0	0	0
1.2623e+08	".side_x0"	"energy"	5.28459e-10	1.94048e-09	-1.41202e-09	0	0	0	0	0	0	0	0	0
1.2623e+08	".side_x1"	"energy"	-9.86866e-11	1.36204e-09	-1.46072e-09	0	0	0	0	0	0	0	0	0
1.2623e+08	".left_well"	"energy"	-107535	50.0122	-107585	0	0	0	0	0	0	0	0	0
1.2623e+08	".right_well"	"energy"	-13330	0	-13330	0	0	0	0	0	0	0	0	0
1.2623e+08	".IMPLICIT_BOUNDARY"	"energy"	-7.58774e-08	0	-7.58774e-08	0	0	0	0	0	0	0	0	0
1.2623e+08	"ALL"	"energy"	-670479	1.15413e+06	-1.82461e+06	2.00312e+17	0	0	0	-2.11587e+13	0	-9.29971e+13	0	64
1.57788e+08	"left_fr"	"energy"	0	0	0	2.20119e+11	0	0	0	0	0	0	0	0
1.57788e+08	"right_fr"	"energy"	0	0	0	2.60517e+11	0	0	0	0	0	0	0	0
1.57788e+08	"center_fr"	"energy"	0	0	0	3.66958e+10	0	0	0	0	0	0	0	0
1.57788e+08	"box"	"energy"	0	0	0	2.00291e+17	0	0	0	0	0	0	0	0
1.57788e+08	".left_fr_left_well"	"energy"	1.15426e+06	1.15426e+06	0	0	0	0	0	0	0	0	0	0
1.57788e+08	".right_fr_right_well"	"energy"	-1.69049e+06	0	-1.69049e+06	0	0	0	0	0	0	0	0	0
1.57788e+08	".side_z0"	"energy"	-7.22485e-11	3.33698e-09	-3.40923e-09	0	0	0	0	0	0	0	0	0
1.57788e+08	".side_z1"	"energy"	-3.27499e-09	0	-3.27499e-09	0	0	0	0	0	0	0	0	0
1.57788e+08	".side_y0"	"energy"	-3.87459e-10	1.30363e-09	-1.69109e-09	0	0	0	0	0	0	0	0	0
1.57788e+08	".side_y1"	"energy"	-6.23484e-11	1.51565e-09	-1.57799e-09	0	0	0	0	0	0	0	0	0
1.57788e+08	".side_x0"	"energy"	5.2846e-10	1.94048e-09	-1.41202e-09	0	0	0	0	0	0	0	0	0
1.57788e+08	".side_x1"	"energy"	-9.86894e-11	1.36204e-09	-1.46073e-09	0	0	0	0	0	0	0	0	0
1.57788e+08	".left_well"	"energy"	-96806.9	53.8497	-96860.7	0	0	0	0	0	0	0	0	0
1.57788e+08	".right_well"	"energy"	-13308.3	0	-13308.3	0	0	0	0	0	0	0	0	0
1.57788e+08	".IMPLICIT_BOUNDARY"	"energy"	-7.5666e-08	0	-7.5666e-08	0	0	0	0	0	0	0	0	0
1.57788e+08	"ALL"	"energy"	-646342	1.15432e+06	-1.80066e+06	2.00292e+17	0	0	0	-2.0397e+13	0	-1.13394e+14	0	-800
1.89346e+08	"left_fr"	"energy"	0	0	0	2.17987e+11	0	0	0	0	0	0	0	0
1.89346e+08	"right_fr"	"energy"	0	0	0	2.58415e+11	0	0	0	0	0	0	0	0
1.89346e+08	"center_fr"	"energy"	0	0	0	3.61828e+10	0	0	0	0	0	0	0	0
1.89346e+08	"box"	"energy"	0	0	0	2.00272e+17	0	0	0	0	0	0	0	0
1.89346e+08	".left_fr_left_well"	"energy"	1.15439e+06	1.15439e+06	0	0	0	0	0	0	0	0	0	0
1.89346e+08	".right_fr_right_well"	"energy"	-1.67748e+06	0	-1.67748e+06	0	0	0	0	0	0	0	0	0
1.89346e+08	".side_z0"	"energy"	-7.18282e-11	3.33698e-09	-3.40881e-09	0	0	0	0	0	0	0	0	0
1.89346e+08	".side_z1"	"energy"	-3.27541e-09	0	-3.27541e-09	0	0	0	0	0	0	0	0	0
1.89346e+08	".side_y0"	"energy"	-3.87465e-10	1.30363e-09	-1.69109e-09	0	0	0	0	0	0	0	0	0
1.89346e+08	".side_y1"	"energy"	-6.23475e-11	1.51565e-09	-1.57799e-09	0	0	0	0	0	0	0	0	0
1.89346e+08	".side_x0"	"energy"	5.28462e-10	1.94048e-09	-1.41202e-09	0	0	0	0	0	0	0	0	0
1.89346e+08	".side_x1"	"energy"	-9.86928e-11	1.36204e-09	-1.46073e-09	0	0	0	0	0	0	0	0	0
1.89346e+08	".left_well"	"energy"	-89176.7	58.2316	-89235	0	0	0	0	0	0	0	0	0
1.89346e+08	".right_well"	"energy"	-13283.7	0	-13283.7	0	0	0	0	0	0	0	0	0
1.89346e+08	".IMPLICIT_BOUNDARY"	"energy"	-7.54481e-08	0	-7.54481e-08	0	0	0	0	0	0	0	0	0
1.89346e+08	"ALL"	"energy"	-625555	1.15444e+06	-1.78e+06	2.00272e+17	0	0	0	-1.9741e+13	0	-1.33135e+14	0	-1856
2.20903e+08	"left_fr"	"energy"	0	0	0	2.16279e+11	0	0	0	0	0	0	0	0
2.20903e+08	"right_fr"	"energy"	0	0	0	2.56474e+11	0	0	0	0	0	0	0	0
2.20903e+08	"center_fr"	"energy"	0	0	0	3.57532e+10	0	0	0	0	0	0	0	0
2.20903e+08	"box"	"energy"	0	0	0	2.00252e+17	0	0	0	0	0	0	0	0
2.20903e+08	".left_fr_left_well"	"energy"	1.15448e+06	1.15448e+06	0	0	0	0	0	0	0	0	0	0
2.20903e+08	".right_fr_right_well"	"energy"	-1.66504e+06	0	-1.66504e+06	0	0	0	0	0	0	0	0	0
2.20903e+08	".side_z0"	"energy"	-7.14517e-11	3.33698e-09	-3.40843e-09	0	0	0	0	0	0	0	0	0
2.20903e+08	".side_z1"	"energy"	-3.27579e-09	0	-3.27579e-09	0	0	0	0	0	0	0	0	0
2.20903e+08	".side_y0"	"energy"	-3.87469e-10	1.30363e-09	-1.6911e-09	0	0	0	0	0	0	0	0	0
2.20903e+08	".side_y1"	"energy"	-6.23465e-11	1.51565e-09	-1.57799e-09	0	0	0	0	0	0	0	0	0
2.20903e+08	".side_x0"	"energy"	5.28463e-10	1.94048e-09	-1.41202e-09	0	0	0	0	0	0	0	0	0
2.20903e+08	".side_x1"	"energy"	-9.86968e-11	1.36204e-09	-1.46074e-09	0	0	0	0	0	0	0	0	0
2.20903e+08	".left_well"	"energy"	-83403.8	61.7351	-83465.5	0	0	0	0	0	0	0	0	0
2.20903e+08	".right_well"	"energy"	-13257	0	-13257	0	0	0	0	0	0	0	0	0
2.20903e+08	".IMPLICIT_BOUNDARY"	"energy"	-7.52279e-08	0	-7.52279e-08	0	0	0	0	0	0	0	0	0
2.20903e+08	"ALL"	"energy"	-607222	1.15454e+06	-1.76176e+06	2.00253e+17	0	0	0	-1.91625e+13	0	-1.52298e+14	0	-2176
2.52461e+08	"left_fr"	"energy"	0	0	0	2.1487e+11	0	0	0	0	0	0	0	0
2.52461e+08	"right_fr"	"energy"	0	0	0	2.54693e+11	0	0	0	0	0	0	0	0
2.52461e+08	"center_fr"	"energy"	0	0	0	3.53884e+10	0	0	0	0	0	0	0	0
2.52461e+08	"box"	"energy"	0	0	0	2.00234e+17	0	0	0	0	0	0	0	0
2.52461e+08	".left_fr_left_well"	"energy"	1.15454e+06	1.15454e+06	0	0	0	0	0	0	0	0	0	0
2.52461e+08	".right_fr_right_well"	"energy"	-1.65333e+06	0	-1.65333e+06	0	0	0	0	0	0	0	0	0
2.52461e+08	".side_z0"	"energy"	-7.11103e-11	3.33698e-09	-3.40809e-09	0	0	0	0	0	0	0	0	0
2.52461e+08	".side_z1"	"energy"	-3.27613e-09	0	-3.27613e-09	0	0	0	0	0	0	0	0	0
2.52461e+08	".side_y0"	"energy"	-3.87474e-10	1.30363e-09	-1.6911e-09	0	0	0	0	0	0	0	0	0
2.52461e+08	".side_y1"	"energy"	-6.23452e-11	1.51565e-09	-1.57799e-09	0	0	0	0	0	0	0	0	0
2.52461e+08	".side_x0"	"energy"	5.28465e-10	1.94048e-09	-1.41201e-09	0	0	0	0	0	0	0	0	0
2.52461e+08	".side_x1"	"energy"	-9.87012e-11	1.36204e-09	-1.46074e-09	0	0	0	0	0	0	0	0	0
2.52461e+08	".left_well"	"energy"	-78845.8	64.2206	-78910	0	0	0	0	0	0	0	0	0
2.52461e+08	".right_well"	"energy"	-13228.9	0	-13228.9	0	0	0	0	0	0	0	0	0
2.52461e+08	".IMPLICIT_BOUNDARY"	"energy"	-7.50081e-08	0	-7.50081e-08	0	0	0	0	0	0	0	0	0
2.52461e+08	"ALL"	"energy"	-590858	1.15461e+06	-1.74547e+06	2.00234e+17	0	0	0	-1.8646e+13	0	-1.70944e+14	0	-1472
2.84018e+08	"left_fr"	"energy"	0	0	0	2.13682e+11	0	0	0	0	0	0	0	0
2.84018e+08	"right_fr"	"energy"	0	0	0	2.5306e+11	0	0	0	0	0	0	0	0
2.84018e+08	"center_fr"	"energy"	0	0	0	3.50746e+10	0	0	0	0	0	0	0	0
2.84018e+08	"box"	"energy"	0	0	0	2.00216e+17	0	0	0	0	0	0	0	0
2.84018e+08	".left_fr_left_well"	"energy"	1.1546e+06	1.1546e+06	0	0	0	0	0	0	0	0	0	0
2.84018e+08	".right_fr_right_well"	"energy"	-1.6424e+06	0	-1.6424e+06	0	0	0	0	0	0	0	0	0
2.84018e+08	".side_z0"	"energy"	-7.07974e-11	3.33698e-09	-3.40778e-09	0	0	0	0	0	0	0	0	0
2.84018e+08	".side_z1"	"energy"	-3.27644e-09	0	-3.27644e-09	0	0	0	0	0	0	0	0	0
2.84018e+08	".side_y0"	"energy"	-3.87477e-10	1.30363e-09	-1.69111e-09	0	0	0	0	0	0	0	0	0
2.84018e+08	".side_y1"	"energy"	-6.23438e-11	1.51565e-09	-1.57799e-09	0	0	0	0	0	0	0	0	0
2.84018e+08	".side_x0"	"energy"	5.28466e-10	1.94048e-09	-1.41201e-09	0	0	0	0	0	0	0	0	0
2.84018e+08	".side_x1"	"energy"	-9.87061e-11	1.36204e-09	-1.46074e-09	0	0	0	0	0	0	0	0	0
2.84018e+08	".left_well"	"energy"	-75133.1	66.1331	-75199.2	0	0	0	0	0	0	0	0	0
2.84018e+08	".right_well"	"energy"	-13199.8	0	-13199.8	0	0	0	0	0	0	0	0	0
2.84018e+08	".IMPLICIT_BOUNDARY"	"energy"	-7.47912e-08	0	-7.47912e-08	0	0	0	0	0	0	0	0	0
2.84018e+08	"ALL"	"energy"	-576137	1.15466e+06	-1.7308e+06	2.00216e+17	0	0	0	-1.81815e+13	0	-1.89125e+14	0	-512
3.15576e+08	"left_fr"	"energy"	0	0	0	2.12663e+11	0	0	0	0	0	0	0	0
3.15576e+08	"right_fr"	"energy"	0	0	0	2.5156e+11	0	0	0	0	0	0	0	0
3.15576e+08	"center_fr"	"energy"	0	0	0	3.48016e+10	0	0	0	0	0	0	0	0
3.15576e+08	"box"	"energy"	0	0	0	2.00198e+17	0	0	0	0	0	0	0	0
3.15576e+08	".left_fr_left_well"	"energy"	1.15464e+06	1.15464e+06	0	0	0	0	0	0	0	0	0	0
3.15576e+08	".right_fr_right_well"	"energy"	-1.63225e+06	0	-1.63225e+06	0	0	0	0	0	0	0	0	0
3.15576e+08	".side_z0"	"energy"	-7.05078e-11	3.33698e-09	-3.40749e-09	0	0	0	0	0	0	0	0	0
3.15576e+08	".side_z1"	"energy"	-3.27673e-09	0	-3.27673e-09	0	0	0	0	0	0	0	0	0
3.15576e+08	".side_y0"	"energy"	-3.8748e-10	1.30363e-09	-1.69111e-09	0	0	0	0	0	0	0	0	0
3.15576e+08	".side_y1"	"energy"	-6.23423e-11	1.51565e-09	-1.57799e-09	0	0	0	0	0	0	0	0	0
3.15576e+08	".side_x0"	"energy"	5.28468e-10	1.94048e-09	-1.41201e-09	0	0	0	0	0	0	0	0	0
3.15576e+08	".side_x1"	"energy"	-9.87112e-11	1.36204e-09	-1.46075e-09	0	0	0	0	0	0	0	0	0
3.15576e+08	".left_well"	"energy"	-72035.8	67.7068	-72103.5	0	0	0	0	0	0	0	0	0
3.15576e+08	".right_well"	"energy"	-13170.4	0	-13170.4	0	0	0	0	0	0	0	0	0
3.15576e+08	".IMPLICIT_BOUNDARY"	"energy"	-7.45783e-08	0	-7.45783e-08	0	0	0	0	0	0	0	0	0
3.15576e+08	"ALL"	"energy"	-562817	1.15471e+06	-1.71753e+06	2.00198e+17	0	0	0	-1.77612e+13	0	-2.06886e+14	0	-928
3.47134e+08	"left_fr"	"energy"	0	0	0	2.11777e+11	0	0	0	0	0	0	0	0
3.47134e+08	"right_fr"	"energy"	0	0	0	2.50181e+11	0	0	0	0	0	0	0	0
3.47134e+08	"center_fr"	"energy"	0	0	0	3.45617e+10	0	0	0	0	0	0	0	0
3.47134e+08	"box"	"energy"	0	0	0	2.00181e+17	0	0	0	0	0	0	0	0
3.47134e+08	".left_fr_left_well"	"energy"	1.15468e+06	1.15468e+06	0	0	0	0	0	0	0	0	0	0
3.47134e+08	".right_fr_right_well"	"energy"	-1.62284e+06	0	-1.62284e+06	0	0	0	0	0	0	0	0	0
3.47134e+08	".side_z0"	"energy"	-7.02378e-11	3.33698e-09	-3.40722e-09	0	0	0	0	0	0	0	0	0
3.47134e+08	".side_z1"	"energy"	-3.277e-09	0	-3.277e-09	0	0	0	0	0	0	0	0	0
3.47134e+08	".side_y0"	"energy"	-3.87483e-10	1.30363e-09	-1.69111e-09	0	0	0	0	0	0	0	0	0
3.47134e+08	".side_y1"	"energy"	-6.23407e-11	1.51565e-09	-1.57799e-09	0	0	0	0	0	0	0	0	0
3.47134e+08	".side_x0"	"energy"	5.28469e-10	1.94048e-09	-1.41201e-09	0	0	0	0	0	0	0	0	0
3.47134e+08	".side_x1"	"energy"	-9.87167e-11	1.36204e-09	-1.46076e-09	0	0	0	0	0	0	0	0	0
3.47134e+08	".left_well"	"energy"	-69403	68.9662	-69472	0	0	0	0	0	0	0	0	0
3.47134e+08	".right_well"	"energy"	-13140.8	0	-13140.8	0	0	0	0	0	0	0	0	0
3.47134e+08	".IMPLICIT_BOUNDARY"	"energy"	-7.43706e-08	0	-7.43706e-08	0	0	0	0	0	0	0	0	0
3.47134e+08	"ALL"	"energy"	-550707	1.15475e+06	-1.70546e+06	2.00181e+17	0	0	0	-1.7379e+13	0	-2.24265e+14	0	-160
3.78691e+08	"left_fr"	"energy"	0	0	0	2.10997e+11	0	0	0	0	0	0	0	0
3.78691e+08	"right_fr"	"energy"	0	0	0	2.48909e+11	0	0	0	0	0	0	0	0
3.78691e+08	"center_fr"	"energy"	0	0	0	3.4349e+10	0	0	0	0	0	0	0	0
3.78691e+08	"box"	"energy"	0	0	0	2.00164e+17	0	0	0	0	0	0	0	0
3.78691e+08	".left_fr_left_well"	"energy"	1.15471e+06	1.15471e+06	0	0	0	0	0	0	0	0	0	0
3.78691e+08	".right_fr_right_well"	"energy"	-1.61412e+06	0	-1.61412e+06	0	0	0	0	0	0	0	0	0
3.78691e+08	".side_z0"	"energy"	-6.99843e-11	3.33698e-09	-3.40696e-09	0	0	0	0	0	0	0	0	0
3.78691e+08	".side_z1"	"energy"	-3.27725e-09	0	-3.27725e-09	0	0	0	0	0	0	0	0	0
3.78691e+08	".side_y0"	"energy"	-3.87485e-10	1.30363e-09	-1.69111e-09	0	0	0	0	0	0	0	0	0
3.78691e+08	".side_y1"	"energy"	-6.2339e-11	1.51565e-09	-1.57798e-09	0	0	0	0	0	0	0	0	0
3.78691e+08	".side_x0"	"energy"	5.28471e-10	1.94048e-09	-1.41201e-09	0	0	0	0	0	0	0	0	0
3.78691e+08	".side_x1"	"energy"	-9.87223e-11	1.36204e-09	-1.46076e-09	0	0	0	0	0	0	0	0	0
3.78691e+08	".left_well"	"energy"	-67130.7	69.9976	-67200.7	0	0	0	0	0	0	0	0	0
3.78691e+08	".right_well"	"energy"	-13111.3	0	-13111.3	0	0	0	0	0	0	0	0	0
3.78691e+08	".IMPLICIT_BOUNDARY"	"energy"	-7.41684e-08	0	-7.41684e-08	0	0	0	0	0	0	0	0	0
3.78691e+08	"ALL"	"energy"	-539648	1.15478e+06	-1.69443e+06	2.00164e+17	0	0	0	-1.703e+13	0	-2.41295e+14	0	-896
4.10249e+08	"left_fr"	"energy"	0	0	0	2.10304e+11	0	0	0	0	0	0	0	0
4.10249e+08	"right_fr"	"energy"	0	0	0	2.47733e+11	0	0	0	0	0	0	0	0
4.10249e+08	"center_fr"	"energy"	0	0	0	3.41589e+10	0	0	0	0	0	0	0	0
4.10249e+08	"box"	"energy"	0	0	0	2.00147e+17	0	0	0	0	0	0	0	0
4.10249e+08	".left_fr_left_well"	"energy"	1.15474e+06	1.15474e+06	0	0	0	0	0	0	0	0	0	0
4.10249e+08	".right_fr_right_well"	"energy"	-1.60602e+06	0	-1.60602e+06	0	0	0	0	0	0	0	0	0
4.10249e+08	".side_z0"	"energy"	-6.97449e-11	3.33698e-09	-3.40673e-09	0	0	0	0	0	0	0	0	0
4.10249e+08	".side_z1"	"energy"	-3.27749e-09	0	-3.27749e-09	0	0	0	0	0	0	0	0	0
4.10249e+08	".side_y0"	"energy"	-3.87487e-10	1.30363e-09	-1.69112e-09	0	0	0	0	0	0	0	0	0
4.10249e+08	".side_y1"	"energy"	-6.23372e-11	1.51565e-09	-1.57798e-09	0	0	0	0	0	0	0	0	0
4.10249e+08	".side_x0"	"energy"	5.28472e-10	1.94048e-09	-1.41201e-09	0	0	0	0	0	0	0	0	0
4.10249e+08	".side_x1"	"energy"	-9.8728e-11	1.36204e-09	-1.46077e-09	0	0	0	0	0	0	0	0	0
4.10249e+08	".left_well"	"energy"	-65144.9	70.8972	-65215.8	0	0	0	0	0	0	0	0	0
4.10249e+08	".right_well"	"energy"	-13082.2	0	-13082.2	0	0	0	0	0	0	0	0	0
4.10249e+08	".IMPLICIT_BOUNDARY"	"energy"	-7.39721e-08	0	-7.39721e-08	0	0	0	0	0	0	0	0	0
4.10249e+08	"ALL"	"energy"	-529507	1.15481e+06	-1.68432e+06	2.00147e+17	0	0	0	-1.671e+13	0	-2.58005e+14	0	224
4.41806e+08	"left_fr"	"energy"	0	0	0	2.09682e+11	0	0	0	0	0	0	0	0
4.41806e+08	"right_fr"	"energy"	0	0	0	2.46642e+11	0	0	0	0	0	0	0	0
4.41806e+08	"center_fr"	"energy"	0	0	0	3.39879e+10	0	0	0	0	0	0	0	0
4.41806e+08	"box"	"energy"	0	0	0	2.0013e+17	0	0	0	0	0	0	0	0
4.41806e+08	".left_fr_left_well"	"energy"	1.15476e+06	1.15476e+06	0	0	0	0	0	0	0	0	0	0
4.41806e+08	".right_fr_right_well"	"energy"	-1.59849e+06	0	-1.59849e+06	0	0	0	0	0	0	0	0	0
4.41806e+08	".side_z0"	"energy"	-6.95176e-11	3.33698e-09	-3.4065e-09	0	0	0	0	0	0	0	0	0
4.41806e+08	".side_z1"	"energy"	-3.27772e-09	0	-3.27772e-09	0	0	0	0	0	0	0	0	0
4.41806e+08	".side_y0"	"energy"	-3.87488e-10	1.30363e-09	-1.69112e-09	0	0	0	0	0	0	0	0	0
4.41806e+08	".side_y1"	"energy"	-6.23354e-11	1.51565e-09	-1.57798e-09	0	0	0	0	0	0	0	0	0
4.41806e+08	".side_x0"	"energy"	5.28474e-10	1.94048e-09	-1.41201e-09	0	0	0	0	0	0	0	0	0
4.41806e+08	".side_x1"	"energy"	-9.87339e-11	1.36204e-09	-1.46077e-09	0	0	0	0	0	0	0	0	0
4.41806e+08	".left_well"	"energy"	-63391	71.7034	-63462.7	0	0	0	0	0	0	0	0	0
4.41806e+08	".right_well"	"energy"	-13053.5	0	-13053.5	0	0	0	0	0	0	0	0	0
4.41806e+08	".IMPLICIT_BOUNDARY"	"energy"	-7.37819e-08	0	-7.37819e-08	0	0	0	0	0	0	0	0	0
4.41806e+08	"ALL"	"energy"	-520175	1.15483e+06	-1.67501e+06	2.00131e+17	0	0	0	-1.64155e+13	0	-2.74421e+14	0	-416
4.73364e+08	"left_fr"	"energy"	0	0	0	2.09121e+11	0	0	0	0	0	0	0	0
4.73364e+08	"right_fr"	"energy"	0	0	0	2.45628e+11	0	0	0	0	0	0	0	0
4.73364e+08	"center_fr"	"energy"	0	0	0	3.38332e+10	0	0	0	0	0	0	0	0
4.73364e+08	"box"	"energy"	0	0	0	2.00114e+17	0	0	0	0	0	0	0	0
4.73364e+08	".left_fr_left_well"	"energy"	1.15478e+06	1.15478e+06	0	0	0	0	0	0	0	0	0	0
4.73364e+08	".right_fr_right_well"	"energy"	-1.59149e+06	0	-1.59149e+06	0	0	0	0	0	0	0	0	0
4.73364e+08	".side_z0"	"energy"	-6.93008e-11	3.33698e-09	-3.40628e-09	0	0	0	0	0	0	0	0	0
4.73364e+08	".side_z1"	"energy"	-3.27794e-09	0	-3.27794e-09	0	0	0	0	0	0	0	0	0
4.73364e+08	".side_y0"	"energy"	-3.8749e-10	1.30363e-09	-1.69112e-09	0	0	0	0	0	0	0	0	0
4.73364e+08	".side_y1"	"energy"	-6.23336e-11	1.51565e-09	-1.57798e-09	0	0	0	0	0	0	0	0	0
4.73364e+08	".side_x0"	"energy"	5.28475e-10	1.94048e-09	-1.412e-09	0	0	0	0	0	0	0	0	0
4.73364e+08	".side_x1"	"energy"	-9.87399e-11	1.36204e-09	-1.46078e-09	0	0	0	0	0	0	0	0	0
4.73364e+08	".left_well"	"energy"	-61827.9	72.6839	-61900.5	0	0	0	0	0	0	0	0	0
4.73364e+08	".right_well"	"energy"	-13025.3	0	-13025.3	0	0	0	0	0	0	0	0	0
4.73364e+08	".IMPLICIT_BOUNDARY"	"energy"	-7.35977e-08	0	-7.35977e-08	0	0	0	0	0	0	0	0	0
4.73364e+08	"ALL"	"energy"	-511557	1.15486e+06	-1.66641e+06	2.00115e+17	0	0	0	-1.61435e+13	0	-2.90564e+14	0	-224
5.04922e+08	"left_fr"	"energy"	0	0	0	2.08611e+11	0	0	0	0	0	0	0	0
5.04922e+08	"right_fr"	"energy"	0	0	0	2.44682e+11	0	0	0	0	0	0	0	0
5.04922e+08	"center_fr"	"energy"	0	0	0	3.36923e+10	0	0	0	0	0	0	0	0
5.04922e+08	"box"	"energy"	0	0	0	2.00098e+17	0	0	0	0	0	0	0	0
5.04922e+08	".left_fr_left_well"	"energy"	1.1548e+06	1.1548e+06	0	0	0	0	0	0	0	0	0	0
5.04922e+08	".right_fr_right_well"	"energy"	-1.58495e+06	0	-1.58495e+06	0	0	0	0	0	0	0	0	0
5.04922e+08	".side_z0"	"energy"	-6.90933e-11	3.33698e-09	-3.40607e-09	0	0	0	0	0	0	0	0	0
5.04922e+08	".side_z1"	"energy"	-3.27814e-09	0	-3.27814e-09	0	0	0	0	0	0	0	0	0
5.04922e+08	".side_y0"	"energy"	-3.87491e-10	1.30363e-09	-1.69112e-09	0	0	0	0	0	0	0	0	0
5.04922e+08	".side_y1"	"energy"	-6.23317e-11	1.51565e-09	-1.57798e-09	0	0	0	0	0	0	0	0	0
5.04922e+08	".side_x0"	"energy"	5.28477e-10	1.94048e-09	-1.412e-09	0	0	0	0	0	0	0	0	0
5.04922e+08	".side_x1"	"energy"	-9.87459e-11	1.36204e-09	-1.46078e-09	0	0	0	0	0	0	0	0	0
5.04922e+08	".left_well"	"energy"	-60424	73.7739	-60497.8	0	0	0	0	0	0	0	0	0
5.04922e+08	".right_well"	"energy"	-12997.8	0	-12997.8	0	0	0	0	0	0	0	0	0
5.04922e+08	".IMPLICIT_BOUNDARY"	"energy"	-7.34195e-08	0	-7.34195e-08	0	0	0	0	0	0	0	0	0
5.04922e+08	"ALL"	"energy"	-503573	1.15488e+06	-1.65845e+06	2.00099e+17	0	0	0	-1.58915e+13	0	-3.06456e+14	0	-1888
5.36479e+08	"left_fr"	"energy"	0	0	0	2.08144e+11	0	0	0	0	0	0	0	0
5.36479e+08	"right_fr"	"energy"	0	0	0	2.43798e+11	0	0	0	0	0	0	0	0
5.36479e+08	"center_fr"	"energy"	0	0	0	3.35634e+10	0	0	0	0	0	0	0	0
5.36479e+08	"box"	"energy"	0	0	0	2.00083e+17	0	0	0	0	0	0	0	0
5.36479e+08	".left_fr_left_well"	"energy"	1.15482e+06	1.15482e+06	0	0	0	0	0	0	0	0	0	0
5.36479e+08	".right_fr_right_well"	"energy"	-1.57885e+06	0	-1.57885e+06	0	0	0	0	0	0	0	0	0
5.36479e+08	".side_z0"	"energy"	-6.88939e-11	3.33698e-09	-3.40587e-09	0	0	0	0	0	0	0	0	0
5.36479e+08	".side_z1"	"energy"	-3.27834e-09	0	-3.27834e-09	0	0	0	0	0	0	0	0	0
5.36479e+08	".side_y0"	"energy"	-3.87491e-10	1.30363e-09	-1.69112e-09	0	0	0	0	0	0	0	0	0
5.36479e+08	".side_y1"	"energy"	-6.23299e-11	1.51565e-09	-1.57798e-09	0	0	0	0	0	0	0	0	0
5.36479e+08	".side_x0"	"energy"	5.28478e-10	1.94048e-09	-1.412e-09	0	0	0	0	0	0	0	0	0
5.36479e+08	".side_x1"	"energy"	-9.8752e-11	1.36204e-09	-1.46079e-09	0	0	0	0	0	0	0	0	0
5.36479e+08	".left_well"	"energy"	-59154.5	74.7321	-59229.3	0	0	0	0	0	0	0	0	0
5.36479e+08	".right_well"	"energy"	-12971	0	-12971	0	0	0	0	0	0	0	0	0
5.36479e+08	".IMPLICIT_BOUNDARY"	"energy"	-7.32472e-08	0	-7.32472e-08	0	0	0	0	0	0	0	0	0
5.36479e+08	"ALL"	"energy"	-496153	1.15489e+06	-1.65105e+06	2.00083e+17	0	0	0	-1.56574e+13	0	-3.22113e+14	0	800
5.68037e+08	"left_fr"	"energy"	0	0	0	2.07716e+11	0	0	0	0	0	0	0	0
5.68037e+08	"right_fr"	"energy"	0	0	0	2.42969e+11	0	0	0	0	0	0	0	0
5.68037e+08	"center_fr"	"energy"	0	0	0	3.3445e+10	0	0	0	0	0	0	0	0
5.68037e+08	"box"	"energy"	0	0	0	2.00067e+17	0	0	0	0	0	0	0	0
5.68037e+08	".left_fr_left_well"	"energy"	1.15484e+06	1.15484e+06	0	0	0	0	0	0	0	0	0	0
5.68037e+08	".right_fr_right_well"	"energy"	-1.57313e+06	0	-1.57313e+06	0	0	0	0	0	0	0	0	0
5.68037e+08	".side_z0"	"energy"	-6.87019e-11	3.33698e-09	-3.40568e-09	0	0	0	0	0	0	0	0	0
5.68037e+08	".side_z1"	"energy"	-3.27854e-09	0	-3.27854e-09	0	0	0	0	0	0	0	0	0
5.68037e+08	".side_y0"	"energy"	-3.87492e-10	1.30363e-09	-1.69112e-09	0	0	0	0	0	0	0	0	0
5.68037e+08	".side_y1"	"energy"	-6.2328e-11	1.51565e-09	-1.57797e-09	0	0	0	0	0	0	0	0	0
5.68037e+08	".side_x0"	"energy"	5.28479e-10	1.94048e-09	-1.412e-09	0	0	0	0	0	0	0	0	0
5.68037e+08	".side_x1"	"energy"	-9.87582e-11	1.36204e-09	-1.4608e-09	0	0	0	0	0	0	0	0	0
5.68037e+08	".left_well"	"energy"	-57999.8	75.582	-58075.3	0	0	0	0	0	0	0	0	0
5.68037e+08	".right_well"	"energy"	-12944.8	0	-12944.8	0	0	0	0	0	0	0	0	0
5.68037e+08	".IMPLICIT_BOUNDARY"	"energy"	-7.30806e-08	0	-7.30806e-08	0	0	0	0	0	0	0	0	0
5.68037e+08	"ALL"	"energy"	-489239	1.15491e+06	-1.64415e+06	2.00068e+17	0	0	0	-1.54392e+13	0	-3.37552e+14	0	-64
5.99594e+08	"left_fr"	"energy"	0	0	0	2.07321e+11	0	0	0	0	0	0	0	0
5.99594e+08	"right_fr"	"energy"	0	0	0	2.42191e+11	0	0	0	0	0	0	0	0
5.99594e+08	"center_fr"	"energy"	0	0	0	3.33358e+10	0	0	0	0	0	0	0	0
5.99594e+08	"box"	"energy"	0	0	0	2.00052e+17	0	0	0	0	0	0	0	0
5.99594e+08	".left_fr_left_well"	"energy"	1.15485e+06	1.15485e+06	0	0	0	0	0	0	0	0	0	0
5.99594e+08	".right_fr_right_well"	"energy"	-1.56777e+06	0	-1.56777e+06	0	0	0	0	0	0	0	0	0
5.99594e+08	".side_z0"	"energy"	-6.85163e-11	3.33698e-09	-3.4055e-09	0	0	0	0	0	0	0	0	0
5.99594e+08	".side_z1"	"energy"	-3.27872e-09	0	-3.27872e-09	0	0	0	0	0	0	0	0	0
5.99594e+08	".side_y0"	"energy"	-3.87492e-10	1.30363e-09	-1.69112e-09	0	0	0	0	0	0	0	0	0
5.99594e+08	".side_y1"	"energy"	-6.23262e-11	1.51565e-09	-1.57797e-09	0	0	0	0	0	0	0	0	0
5.99594e+08	".side_x0"	"energy"	5.28481e-10	1.94048e-09	-1.412e-09	0	0	0	0	0	0	0	0	0
5.99594e+08	".side_x1"	"energy"	-9.87643e-11	1.36204e-09	-1.4608e-09	0	0	0	0	0	0	0	0	0
5.99594e+08	".left_well"	"energy"	-56943.7	76.3415	-57020	0	0	0	0	0	0	0	0	0
5.99594e+08	".right_well"	"energy"	-12919.4	0	-12919.4	0	0	0	0	0	0	0	0	0
5.99594e+08	".IMPLICIT_BOUNDARY"	"energy"	-7.29195e-08	0	-7.29195e-08	0	0	0	0	0	0	0	0	0
5.99594e+08	"ALL"	"energy"	-482779	1.15493e+06	-1.6377e+06	2.00053e+17	0	0	0	-1.52353e+13	0	-3.52788e+14	0	-1184
6.31152e+08	"left_fr"	"energy"	0	0	0	2.06954e+11	0	0	0	0	0	0	0	0
6.31152e+08	"right_fr"	"energy"	0	0	0	2.41459e+11	0	0	0	0	0	0	0	0
6.31152e+08	"center_fr"	"energy"	0	0	0	3.32347e+10	0	0	0	0	0	0	0	0
6.31152e+08	"box"	"energy"	0	0	0	2.00037e+17	0	0	0	0	0	0	0	0
6.31152e+08	".left_fr_left_well"	"energy"	1.15486e+06	1.15486e+06	0	0	0	0	0	0	0	0	0	0
6.31152e+08	".right_fr_right_well"	"energy"	-1.56272e+06	0	-1.56272e+06	0	0	0	0	0	0	0	0	0
6.31152e+08	".side_z0"	"energy"	-6.83366e-11	3.33698e-09	-3.40532e-09	0	0	0	0	0	0	0	0	0
6.31152e+08	".side_z1"	"energy"	-3.2789e-09	0	-3.2789e-09	0	0	0	0	0	0	0	0	0
6.31152e+08	".side_y0"	"energy"	-3.87493e-10	1.30363e-09	-1.69112e-09	0	0	0	0	0	0	0	0	0
6.31152e+08	".side_y1"	"energy"	-6.23243e-11	1.51565e-09	-1.57797e-09	0	0	0	0	0	0	0	0	0
6.31152e+08	".side_x0"	"energy"	5.28482e-10	1.94048e-09	-1.412e-09	0	0	0	0	0	0	0	0	0
6.31152e+08	".side_x1"	"energy"	-9.87705e-11	1.36204e-09	-1.46081e-09	0	0	0	0	0	0	0	0	0
6.31152e+08	".left_well"	"energy"	-55973.3	77.5837	-56050.9	0	0	0	0	0	0	0	0	0
6.31152e+08	".right_well"	"energy"	-12894.7	0	-12894.7	0	0	0	0	0	0	0	0	0
6.31152e+08	".IMPLICIT_BOUNDARY"	"energy"	-7.27638e-08	0	-7.27638e-08	0	0	0	0	0	0	0	0	0
6.31152e+08	"ALL"	"energy"	-476728	1.15494e+06	-1.63167e+06	2.00037e+17	0	0	0	-1.50444e+13	0	-3.67832e+14	0	-1472
6.6271e+08	"left_fr"	"energy"	0	0	0	2.06614e+11	0	0	0	0	0	0	0	0
6.6271e+08	"right_fr"	"energy"	0	0	0	2.40768e+11	0	0	0	0	0	0	0	0
6.6271e+08	"center_fr"	"energy"	0	0	0	3.31407e+10	0	0	0	0	0	0	0	0
6.6271e+08	"box"	"energy"	0	0	0	2.00022e+17	0	0	0	0	0	0	0	0
6.6271e+08	".left_fr_left_well"	"energy"	1.15488e+06	1.15488e+06	0	0	0	0	0	0	0	0	0	0
6.6271e+08	".right_fr_right_well"	"energy"	-1.55797e+06	0	-1.55797e+06	0	0	0	0	0	0	0	0	0
6.6271e+08	".side_z0"	"energy"	-6.81622e-11	3.33698e-09	-3.40514e-09	0	0	0	0	0	0	0	0	0
6.6271e+08	".side_z1"	"energy"	-3.27908e-09	0	-3.27908e-09	0	0	0	0	0	0	0	0	0
6.6271e+08	".side_y0"	"energy"	-3.87493e-10	1.30363e-09	-1.69112e-09	0	0	0	0	0	0	0	0	0
6.6271e+08	".side_y1"	"energy"	-6.23225e-11	1.51565e-09	-1.57797e-09	0	0	0	0	0	0	0	0	0
6.6271e+08	".side_x0"	"energy"	5.28483e-10	1.94048e-09	-1.412e-09	0	0	0	0	0	0	0	0	0
6.6271e+08	".side_x1"	"energy"	-9.87767e-11	1.36204e-09	-1.46082e-09	0	0	0	0	0	0	0	0	0
6.6271e+08	".left_well"	"energy"	-55077.9	79.6828	-55157.5	0	0	0	0	0	0	0	0	0
6.6271e+08	".right_well"	"energy"	-12870.7	0	-12870.7	0	0	0	0	0	0	0	0	0
6.6271e+08	".IMPLICIT_BOUNDARY"	"energy"	-7.26132e-08	0	-7.26132e-08	0	0	0	0	0	0	0	0	0
6.6271e+08	"ALL"	"energy"	-471047	1.15495e+06	-1.626e+06	2.00023e+17	0	0	0	-1.48651e+13	0	-3.82697e+14	0	-480
6.94267e+08	"left_fr"	"energy"	0	0	0	2.06296e+11	0	0	0	0	0	0	0	0
6.94267e+08	"right_fr"	"energy"	0	0	0	2.40115e+11	0	0	0	0	0	0	0	0
6.94267e+08	"center_fr"	"energy"	0	0	0	3.30532e+10	0	0	0	0	0	0	0	0
6.94267e+08	"box"	"energy"	0	0	0	2.00007e+17	0	0	0	0	0	0	0	0
6.94267e+08	".left_fr_left_well"	"energy"	1.15489e+06	1.15489e+06	0	0	0	0	0	0	0	0	0	0
6.94267e+08	".right_fr_right_well"	"energy"	-1.55349e+06	0	-1.55349e+06	0	0	0	0	0	0	0	0	0
6.94267e+08	".side_z0"	"energy"	-6.79927e-11	3.33698e-09	-3.40497e-09	0	0	0	0	0	0	0	0	0
6.94267e+08	".side_z1"	"energy"	-3.27925e-09	0	-3.27925e-09	0	0	0	0	0	0	0	0	0
6.94267e+08	".side_y0"	"energy"	-3.87493e-10	1.30363e-09	-1.69112e-09	0	0	0	0	0	0	0	0	0
6.94267e+08	".side_y1"	"energy"	-6.23207e-11	1.51565e-09	-1.57797e-09	0	0	0	0	0	0	0	0	0
6.94267e+08	".side_x0"	"energy"	5.28485e-10	1.94048e-09	-1.41199e-09	0	0	0	0	0	0	0	0	0
6.94267e+08	".side_x1"	"energy"	-9.87829e-11	1.36204e-09	-1.46082e-09	0	0	0	0	0	0	0	0	0
6.94267e+08	".left_well"	"energy"	-54248.3	81.7545	-54330.1	0	0	0	0	0	0	0	0	0
6.94267e+08	".right_well"	"energy"	-12847.5	0	-12847.5	0	0	0	0	0	0	0	0	0
6.94267e+08	".IMPLICIT_BOUNDARY"	"energy"	-7.24676e-08	0	-7.24676e-08	0	0	0	0	0	0	0	0	0
6.94267e+08	"ALL"	"energy"	-465703	1.15497e+06	-1.62067e+06	2.00008e+17	0	0	0	-1.46965e+13	0	-3.97394e+14	0	480
7.25825e+08	"left_fr"	"energy"	0	0	0	2.05999e+11	0	0	0	0	0	0	0	0
7.25825e+08	"right_fr"	"energy"	0	0	0	2.39497e+11	0	0	0	0	0	0	0	0
7.25825e+08	"center_fr"	"energy"	0	0	0	3.29715e+10	0	0	0	0	0	0	0	0
7.25825e+08	"box"	"energy"	0	0	0	1.99993e+17	0	0	0	0	0	0	0	0
7.25825e+08	".left_fr_left_well"	"energy"	1.1549e+06	1.1549e+06	0	0	0	0	0	0	0	0	0	0
7.25825e+08	".right_fr_right_well"	"energy"	-1.54926e+06	0	-1.54926e+06	0	0	0	0	0	0	0	0	0
7.25825e+08	".side_z0"	"energy"	-6.78276e-11	3.33698e-09	-3.40481e-09	0	0	0	0	0	0	0	0	0
7.25825e+08	".side_z1"	"energy"	-3.27941e-09	0	-3.27941e-09	0	0	0	0	0	0	0	0	0
7.25825e+08	".side_y0"	"energy"	-3.87492e-10	1.30363e-09	-1.69112e-09	0	0	0	0	0	0	0	0	0
7.25825e+08	".side_y1"	"energy"	-6.23189e-11	1.51565e-09	-1.57796e-09	0	0	0	0	0	0	0	0	0
7.25825e+08	".side_x0"	"energy"	5.28486e-10	1.94048e-09	-1.41199e-09	0	0	0	0	0	0	0	0	0
7.25825e+08	".side_x1"	"energy"	-9.87891e-11	1.36204e-09	-1.46083e-09	0	0	0	0	0	0	0	0	0
7.25825e+08	".left_well"	"energy"	-53477.2	83.6463	-53560.8	0	0	0	0	0	0	0	0	0
7.25825e+08	".right_well"	"energy"	-12824.9	0	-12824.9	0	0	0	0	0	0	0	0	0
7.25825e+08	".IMPLICIT_BOUNDARY"	"energy"	-7.23268e-08	0	-7.23268e-08	0	0	0	0	0	0	0	0	0
7.25825e+08	"ALL"	"energy"	-460665	1.15498e+06	-1.61565e+06	1.99993e+17	0	0	0	-1.45375e+13	0	-4.11931e+14	0	32
7.57382e+08	"left_fr"	"energy"	0	0	0	2.05719e+11	0	0	0	0	0	0	0	0
7.57382e+08	"right_fr"	"energy"	0	0	0	2.38911e+11	0	0	0	0	0	0	0	0
7.57382e+08	"center_fr"	"energy"	0	0	0	3.28949e+10	0	0	0	0	0	0	0	0
7.57382e+08	"box"	"energy"	0	0	0	1.99978e+17	0	0	0	0	0	0	0	0
7.57382e+08	".left_fr_left_well"	"energy"	1.15491e+06	1.15491e+06	0	0	0	0	0	0	0	0	0	0
7.57382e+08	".right_fr_right_well"	"energy"	-1.54525e+06	0	-1.54525e+06	0	0	0	0	0	0	0	0	0
7.57382e+08	".side_z0"	"energy"	-6.76665e-11	3.33698e-09	-3.40465e-09	0	0	0	0	0	0	0	0	0
7.57382e+08	".side_z1"	"energy"	-3.27957e-09	0	-3.27957e-09	0	0	0	0	0	0	0	0	0
7.57382e+08	".side_y0"	"energy"	-3.87492e-10	1.30363e-09	-1.69112e-09	0	0	0	0	0	0	0	0	0
7.57382e+08	".side_y1"	"energy"	-6.23171e-11	1.51565e-09	-1.57796e-09	0	0	0	0	0	0	0	0	0
7.57382e+08	".side_x0"	"energy"	5.28487e-10	1.94048e-09	-1.41199e-09	0	0	0	0	0	0	0	0	0
7.57382e+08	".side_x1"	"energy"	-9.87953e-11	1.36204e-09	-1.46083e-09	0	0	0	0	0	0	0	0	0
7.57382e+08	".left_well"	"energy"	-52758	85.3816	-52843.3	0	0	0	0	0	0	0	0	0
7.57382e+08	".right_well"	"energy"	-12803.1	0	-12803.1	0	0	0	0	0	0	0	0	0
7.57382e+08	".IMPLICIT_BOUNDARY"	"energy"	-7.21905e-08	0	-7.21905e-08	0	0	0	0	0	0	0	0	0
7.57382e+08	"ALL"	"energy"	-455907	1.15499e+06	-1.6109e+06	1.99979e+17	0	0	0	-1.43873e+13	0	-4.26318e+14	0	352
7.8894e+08	"left_fr"	"energy"	0	0	0	2.05457e+11	0	0	0	0	0	0	0	0
7.8894e+08	"right_fr"	"energy"	0	0	0	2.38355e+11	0	0	0	0	0	0	0	0
7.8894e+08	"center_fr"	"energy"	0	0	0	3.2823e+10	0	0	0	0	0	0	0	0
7.8894e+08	"box"	"energy"	0	0	0	1.99964e+17	0	0	0	0	0	0	0	0
7.8894e+08	".left_fr_left_well"	"energy"	1.15492e+06	1.15492e+06	0	0	0	0	0	0	0	0	0	0
7.8894e+08	".right_fr_right_well"	"energy"	-1.54145e+06	0	-1.54145e+06	0	0	0	0	0	0	0	0	0
7.8894e+08	".side_z0"	"energy"	-6.75093e-11	3.33698e-09	-3.40449e-09	0	0	0	0	0	0	0	0	0
7.8894e+08	".side_z1"	"energy"	-3.27973e-09	0	-3.27973e-09	0	0	0	0	0	0	0	0	0
7.8894e+08	".side_y0"	"energy"	-3.87492e-10	1.30363e-09	-1.69112e-09	0	0	0	0	0	0	0	0	0
7.8894e+08	".side_y1"	"energy"	-6.23154e-11	1.51565e-09	-1.57796e-09	0	0	0	0	0	0	0	0	0
7.8894e+08	".side_x0"	"energy"	5.28488e-10	1.94048e-09	-1.41199e-09	0	0	0	0	0	0	0	0	0
7.8894e+08	".side_x1"	"energy"	-9.88015e-11	1.36204e-09	-1.46084e-09	0	0	0	0	0	0	0	0	0
7.8894e+08	".left_well"	"energy"	-52085.2	87.0108	-52172.2	0	0	0	0	0	0	0	0	0
7.8894e+08	".right_well"	"energy"	-12781.8	0	-12781.8	0	0	0	0	0	0	0	0	0
7.8894e+08	".IMPLICIT_BOUNDARY"	"energy"	-7.20587e-08	0	-7.20587e-08	0	0	0	0	0	0	0	0	0
7.8894e+08	"ALL"	"energy"	-451404	1.155e+06	-1.60641e+06	1.99965e+17	0	0	0	-1.42452e+13	0	-4.40564e+14	0	480
8.20498e+08	"left_fr"	"energy"	0	0	0	2.05209e+11	0	0	0	0	0	0	0	0
8.20498e+08	"right_fr"	"energy"	0	0	0	2.37826e+11	0	0	0	0	0	0	0	0
8.20498e+08	"center_fr"	"energy"	0	0	0	3.27553e+10	0	0	0	0	0	0	0	0
8.20498e+08	"box"	"energy"	0	0	0	1.9995e+17	0	0	0	0	0	0	0	0
8.20498e+08	".left_fr_left_well"	"energy"	1.15492e+06	1.15492e+06	0	0	0	0	0	0	0	0	0	0
8.20498e+08	".right_fr_right_well"	"energy"	-1.53785e+06	0	-1.53785e+06	0	0	0	0	0	0	0	0	0
8.20498e+08	".side_z0"	"energy"	-6.73555e-11	3.33698e-09	-3.40434e-09	0	0	0	0	0	0	0	0	0
8.20498e+08	".side_z1"	"energy"	-3.27989e-09	0	-3.27989e-09	0	0	0	0	0	0	0	0	0
8.20498e+08	".side_y0"	"energy"	-3.87491e-10	1.30363e-09	-1.69112e-09	0	0	0	0	0	0	0	0	0
8.20498e+08	".side_y1"	"energy"	-6.23136e-11	1.51565e-09	-1.57796e-09	0	0	0	0	0	0	0	0	0
8.20498e+08	".side_x0"	"energy"	5.2849e-10	1.94048e-09	-1.41199e-09	0	0	0	0	0	0	0	0	0
8.20498e+08	".side_x1"	"energy"	-9.88076e-11	1.36204e-09	-1.46085e-09	0	0	0	0	0	0	0	0	0
8.20498e+08	".left_well"	"energy"	-51454.3	88.5275	-51542.8	0	0	0	0	0	0	0	0	0
8.20498e+08	".right_well"	"energy"	-12761.3	0	-12761.3	0	0	0	0	0	0	0	0	0
8.20498e+08	".IMPLICIT_BOUNDARY"	"energy"	-7.1931e-08	0	-7.1931e-08	0	0	0	0	0	0	0	0	0
8.20498e+08	"ALL"	"energy"	-447137	1.15501e+06	-1.60215e+06	1.99951e+17	0	0	0	-1.41106e+13	0	-4.54674e+14	0	448
8.52055e+08	"left_fr"	"energy"	0	0	0	2.04975e+11	0	0	0	0	0	0	0	0
8.52055e+08	"right_fr"	"energy"	0	0	0	2.37322e+11	0	0	0	0	0	0	0	0
8.52055e+08	"center_fr"	"energy"	0	0	0	3.26914e+10	0	0	0	0	0	0	0	0
8.52055e+08	"box"	"energy"	0	0	0	1.99936e+17	0	0	0	0	0	0	0	0
8.52055e+08	".left_fr_left_well"	"energy"	1.15493e+06	1.15493e+06	0	0	0	0	0	0	0	0	0	0
8.52055e+08	".right_fr_right_well"	"energy"	-1.53442e+06	0	-1.53442e+06	0	0	0	0	0	0	0	0	0
8.52055e+08	".side_z0"	"energy"	-6.72049e-11	3.33698e-09	-3.40419e-09	0	0	0	0	0	0	0	0	0
8.52055e+08	".side_z1"	"energy"	-3.28004e-09	0	-3.28004e-09	0	0	0	0	0	0	0	0	0
8.52055e+08	".side_y0"	"energy"	-3.87491e-10	1.30363e-09	-1.69112e-09	0	0	0	0	0	0	0	0	0
8.52055e+08	".side_y1"	"energy"	-6.23119e-11	1.51565e-09	-1.57796e-09	0	0	0	0	0	0	0	0	0
8.52055e+08	".side_x0"	"energy"	5.28491e-10	1.94048e-09	-1.41199e-09	0	0	0	0	0	0	0	0	0
8.52055e+08	".side_x1"	"energy"	-9.88138e-11	1.36204e-09	-1.46085e-09	0	0	0	0	0	0	0	0	0
8.52055e+08	".left_well"	"energy"	-50861	89.9355	-50950.9	0	0	0	0	0	0	0	0	0
8.52055e+08	".right_well"	"energy"	-12741.3	0	-12741.3	0	0	0	0	0	0	0	0	0
8.52055e+08	".IMPLICIT_BOUNDARY"	"energy"	-7.18074e-08	0	-7.18074e-08	0	0	0	0	0	0	0	0	0
8.52055e+08	"ALL"	"energy"	-443086	1.15502e+06	-1.59811e+06	1.99937e+17	0	0	0	-1.39827e+13	0	-4.68657e+14	0	128
8.83613e+08	"left_fr"	"energy"	0	0	0	2.04753e+11	0	0	0	0	0	0	0	0
8.83613e+08	"right_fr"	"energy"	0	0	0	2.36841e+11	0	0	0	0	0	0	0	0
8.83613e+08	"center_fr"	"energy"	0	0	0	3.26311e+10	0	0	0	0	0	0	0	0
8.83613e+08	"box"	"energy"	0	0	0	1.99922e+17	0	0	0	0	0	0	0	0
8.83613e+08	".left_fr_left_well"	"energy"	1.15494e+06	1.15494e+06	0	0	0	0	0	0	0	0	0	0
8.83613e+08	".right_fr_right_well"	"energy"	-1.53115e+06	0	-1.53115e+06	0	0	0	0	0	0	0	0	0
8.83613e+08	".side_z0"	"energy"	-6.70574e-11	3.33698e-09	-3.40404e-09	0	0	0	0	0	0	0	0	0
8.83613e+08	".side_z1"	"energy"	-3.28019e-09	0	-3.28019e-09	0	0	0	0	0	0	0	0	0
8.83613e+08	".side_y0"	"energy"	-3.8749e-10	1.30363e-09	-1.69112e-09	0	0	0	0	0	0	0	0	0
8.83613e+08	".side_y1"	"energy"	-6.23102e-11	1.51565e-09	-1.57796e-09	0	0	0	0	0	0	0	0	0
8.83613e+08	".side_x0"	"energy"	5.28492e-10	1.94048e-09	-1.41199e-09	0	0	0	0	0	0	0	0	0
8.83613e+08	".side_x1"	"energy"	-9.88199e-11	1.36204e-09	-1.46086e-09	0	0	0	0	0	0	0	0	0
8.83613e+08	".left_well"	"energy"	-50301.9	91.2467	-50393.1	0	0	0	0	0	0	0	0	0
8.83613e+08	".right_well"	"energy"	-12722	0	-12722	0	0	0	0	0	0	0	0	0
8.83613e+08	".IMPLICIT_BOUNDARY"	"energy"	-7.16876e-08	0	-7.16876e-08	0	0	0	0	0	0	0	0	0
8.83613e+08	"ALL"	"energy"	-439234	1.15503e+06	-1.59426e+06	1.99923e+17	0	0	0	-1.38612e+13	0	-4.82518e+14	0	288
9.1517e+08	"left_fr"	"energy"	0	0	0	2.04543e+11	0	0	0	0	0	0	0	0
9.1517e+08	"right_fr"	"energy"	0	0	0	2.36382e+11	0	0	0	0	0	0	0	0
9.1517e+08	"center_fr"	"energy"	0	0	0	3.2574e+10	0	0	0	0	0	0	0	0
9.1517e+08	"box"	"energy"	0	0	0	1.99909e+17	0	0	0	0	0	0	0	0
9.1517e+08	".left_fr_left_well"	"energy"	1.15495e+06	1.15495e+06	0	0	0	0	0	0	0	0	0	0
9.1517e+08	".right_fr_right_well"	"energy"	-1.52804e+06	0	-1.52804e+06	0	0	0	0	0	0	0	0	0
9.1517e+08	".side_z0"	"energy"	-6.69126e-11	3.33698e-09	-3.40389e-09	0	0	0	0	0	0	0	0	0
9.1517e+08	".side_z1"	"energy"	-3.28033e-09	0	-3.28033e-09	0	0	0	0	0	0	0	0	0
9.1517e+08	".side_y0"	"energy"	-3.87489e-10	1.30363e-09	-1.69112e-09	0	0	0	0	0	0	0	0	0
9.1517e+08	".side_y1"	"energy"	-6.23085e-11	1.51565e-09	-1.57795e-09	0	0	0	0	0	0	0	0	0
9.1517e+08	".side_x0"	"energy"	5.28493e-10	1.94048e-09	-1.41199e-09	0	0	0	0	0	0	0	0	0
9.1517e+08	".side_x1"	"energy"	-9.88261e-11	1.36204e-09	-1.46086e-09	0	0	0	0	0	0	0	0	0
9.1517e+08	".left_well"	"energy"	-49773.8	92.4854	-49866.3	0	0	0	0	0	0	0	0	0
9.1517e+08	".right_well"	"energy"	-12703.2	0	-12703.2	0	0	0	0	0	0	0	0	0
9.1517e+08	".IMPLICIT_BOUNDARY"	"energy"	-7.15715e-08	0	-7.15715e-08	0	0	0	0	0	0	0	0	0
9.1517e+08	"ALL"	"energy"	-435566	1.15504e+06	-1.59061e+06	1.99909e+17	0	0	0	-1.37454e+13	0	-4.96264e+14	0	96
9.46728e+08	"left_fr"	"energy"	0	0	0	2.04343e+11	0	0	0	0	0	0	0	0
9.46728e+08	"right_fr"	"energy"	0	0	0	2.35943e+11	0	0	0	0	0	0	0	0
9.46728e+08	"center_fr"	"energy"	0	0	0	3.25199e+10	0	0	0	0	0	0	0	0
9.46728e+08	"box"	"energy"	0	0	0	1.99895e+17	0	0	0	0	0	0	0	0
9.46728e+08	".left_fr_left_well"	"energy"	1.15495e+06	1.15495e+06	0	0	0	0	0	0	0	0	0	0
9.46728e+08	".right_fr_right_well"	"energy"	-1.52506e+06	0	-1.52506e+06	0	0	0	0	0	0	0	0	0
9.46728e+08	".side_z0"	"energy"	-6.67705e-11	3.33698e-09	-3.40375e-09	0	0	0	0	0	0	0	0	0
9.46728e+08	".side_z1"	"energy"	-3.28047e-09	0	-3.28047e-09	0	0	0	0	0	0	0	0	0
9.46728e+08	".side_y0"	"energy"	-3.87489e-10	1.30363e-09	-1.69112e-09	0	0	0	0	0	0	0	0	0
9.46728e+08	".side_y1"	"energy"	-6.23069e-11	1.51565e-09	-1.57795e-09	0	0	0	0	0	0	0	0	0
9.46728e+08	".side_x0"	"energy"	5.28494e-10	1.94048e-09	-1.41198e-09	0	0	0	0	0	0	0	0	0
9.46728e+08	".side_x1"	"energy"	-9.88322e-11	1.36204e-09	-1.46087e-09	0	0	0	0	0	0	0	0	0
9.46728e+08	".left_well"	"energy"	-49274.1	93.6463	-49367.7	0	0	0	0	0	0	0	0	0
9.46728e+08	".right_well"	"energy"	-12685	0	-12685	0	0	0	0	0	0	0	0	0
9.46728e+08	".IMPLICIT_BOUNDARY"	"energy"	-7.1459e-08	0	-7.1459e-08	0	0	0	0	0	0	0	0	0
9.46728e+08	"ALL"	"energy"	-432070	1.15505e+06	-1.58712e+06	1.99895e+17	0	0	0	-1.36351e+13	0	-5.09899e+14	0	-608
